0041400101,-1,-1,71.75575,14.06957,2.76569,0,606.63,18.19,4
0041400101,1610612737,2594,76.78297,29.79504,0.0,0,606.63,18.19,4
0041400101,1610612737,203118,84.89757,27.39719,0.0,0,606.63,18.19,4
0041400101,1610612737,203145,84.9477,12.57591,0.0,0,606.63,18.19,4
0041400101,1610612737,203471,68.76754,17.91208,0.0,0,606.63,18.19,4
0041400101,1610612737,203544,76.54579,19.04556,0.0,0,606.63,18.19,4
0041400101,1610612751,2207,87.25379,6.51469,0.0,0,606.63,18.19,4
0041400101,1610612751,101187,65.26541,41.91611,0.0,0,606.63,18.19,4
0041400101,1610612751,101127,70.99537,15.38067,0.0,0,606.63,18.19,4
0041400101,1610612751,201947,90.18843,37.82737,0.0,0,606.63,18.19,4
0041400101,1610612751,203486,71.60901,24.24809,0.0,0,606.63,18.19,4
0041400101,-1,-1,71.98508,13.93392,3.02612,1,606.59,18.15,4
0041400101,1610612737,2594,76.73967,29.76727,0.0,1,606.59,18.15,4
0041400101,1610612737,203118,84.94055,27.17327,0.0,1,606.59,18.15,4
0041400101,1610612737,203145,84.91722,12.37574,0.0,1,606.59,18.15,4
0041400101,1610612737,203471,69.19708,17.71044,0.0,1,606.59,18.15,4
0041400101,1610612737,203544,76.80909,19.06805,0.0,1,606.59,18.15,4
0041400101,1610612751,2207,87.2893,6.23448,0.0,1,606.59,18.15,4
0041400101,1610612751,101187,65.20653,41.62211,0.0,1,606.59,18.15,4
0041400101,1610612751,101127,71.29095,15.33421,0.0,1,606.59,18.15,4
0041400101,1610612751,201947,90.18605,37.95529,0.0,1,606.59,18.15,4
0041400101,1610612751,203486,72.06299,24.28943,0.0,1,606.59,18.15,4
0041400101,-1,-1,72.26448,13.88132,3.12711,2,606.55,18.11,4
0041400101,1610612737,2594,76.67437,29.81471,0.0,2,606.55,18.11,4
0041400101,1610612737,203118,84.97718,26.98043,0.0,2,606.55,18.11,4
0041400101,1610612737,203145,84.89639,12.186,0.0,2,606.55,18.11,4
0041400101,1610612737,203471,69.66169,17.52277,0.0,2,606.55,18.11,4
0041400101,1610612737,203544,77.12146,19.07523,0.0,2,606.55,18.11,4
0041400101,1610612751,2207,87.324,5.97568,0.0,2,606.55,18.11,4
0041400101,1610612751,101187,65.14509,41.3184,0.0,2,606.55,18.11,4
0041400101,1610612751,101127,71.59214,15.29002,0.0,2,606.55,18.11,4
0041400101,1610612751,201947,90.17807,38.0822,0.0,2,606.55,18.11,4
0041400101,1610612751,203486,72.52786,24.31237,0.0,2,606.55,18.11,4
0041400101,-1,-1,72.65716,13.94863,3.06545,3,606.51,18.07,4
0041400101,1610612737,2594,76.59069,29.88487,0.0,3,606.51,18.07,4
0041400101,1610612737,203118,84.99462,26.84511,0.0,3,606.51,18.07,4
0041400101,1610612737,203145,84.88458,11.99176,0.0,3,606.51,18.07,4
0041400101,1610612737,203471,70.12934,17.33793,0.0,3,606.51,18.07,4
0041400101,1610612737,203544,77.40062,19.09088,0.0,3,606.51,18.07,4
0041400101,1610612751,2207,87.35496,5.73317,0.0,3,606.51,18.07,4
0041400101,1610612751,101187,65.08368,40.9976,0.0,3,606.51,18.07,4
0041400101,1610612751,101127,71.89332,15.26116,0.0,3,606.51,18.07,4
0041400101,1610612751,201947,90.16302,38.20868,0.0,3,606.51,18.07,4
0041400101,1610612751,203486,72.97283,24.3237,0.0,3,606.51,18.07,4
0041400101,-1,-1,73.04984,14.01593,3.0038,4,606.47,18.03,4
0041400101,1610612737,2594,76.50026,29.97674,0.0,4,606.47,18.03,4
0041400101,1610612737,203118,85.01304,26.71825,0.0,4,606.47,18.03,4
0041400101,1610612737,203145,84.88122,11.81014,0.0,4,606.47,18.03,4
0041400101,1610612737,203471,70.60336,17.18113,0.0,4,606.47,18.03,4
0041400101,1610612737,203544,77.68183,19.11701,0.0,4,606.47,18.03,4
0041400101,1610612751,2207,87.37642,5.48371,0.0,4,606.47,18.03,4
0041400101,1610612751,101187,65.02023,40.68401,0.0,4,606.47,18.03,4
0041400101,1610612751,101127,72.18551,15.23922,0.0,4,606.47,18.03,4
0041400101,1610612751,201947,90.14012,38.38293,0.0,4,606.47,18.03,4
0041400101,1610612751,203486,73.42913,24.30607,0.0,4,606.47,18.03,4
0041400101,-1,-1,73.41616,14.07893,2.9675,5,606.43,17.99,4
0041400101,1610612737,2594,76.40108,30.0961,0.0,5,606.43,17.99,4
0041400101,1610612737,203118,85.01272,26.57442,0.0,5,606.43,17.99,4
0041400101,1610612737,203145,84.88577,11.62489,0.0,5,606.43,17.99,4
0041400101,1610612737,203471,71.04717,17.09867,0.0,5,606.43,17.99,4
0041400101,1610612737,203544,77.97563,19.14491,0.0,5,606.43,17.99,4
0041400101,1610612751,2207,87.38751,5.24564,0.0,5,606.43,17.99,4
0041400101,1610612751,101187,64.95065,40.36826,0.0,5,606.43,17.99,4
0041400101,1610612751,101127,72.53752,15.21367,0.0,5,606.43,17.99,4
0041400101,1610612751,201947,90.10457,38.51145,0.0,5,606.43,17.99,4
0041400101,1610612751,203486,73.8715,24.25982,0.0,5,606.43,17.99,4
0041400101,-1,-1,73.75897,14.13175,2.9333,6,606.39,17.95,4
0041400101,1610612737,2594,76.29559,30.24122,0.0,6,606.39,17.95,4
0041400101,1610612737,203118,85.03897,26.40262,0.0,6,606.39,17.95,4
0041400101,1610612737,203145,84.89914,11.44166,0.0,6,606.39,17.95,4
0041400101,1610612737,203471,71.48785,17.00663,0.0,6,606.39,17.95,4
0041400101,1610612737,203544,78.27984,19.14821,0.0,6,606.39,17.95,4
0041400101,1610612751,2207,87.38834,5.01731,0.0,6,606.39,17.95,4
0041400101,1610612751,101187,64.8807,40.05145,0.0,6,606.39,17.95,4
0041400101,1610612751,101127,72.86676,15.20735,0.0,6,606.39,17.95,4
0041400101,1610612751,201947,90.05576,38.6375,0.0,6,606.39,17.95,4
0041400101,1610612751,203486,74.30597,24.21421,0.0,6,606.39,17.95,4
0041400101,-1,-1,74.08672,14.17913,2.90161,7,606.35,17.91,4
0041400101,1610612737,2594,76.17263,30.40509,0.0,7,606.35,17.91,4
0041400101,1610612737,203118,85.0534,26.23499,0.0,7,606.35,17.91,4
0041400101,1610612737,203145,84.91878,11.25913,0.0,7,606.35,17.91,4
0041400101,1610612737,203471,71.94403,16.8633,0.0,7,606.35,17.91,4
0041400101,1610612737,203544,78.57226,19.15096,0.0,7,606.35,17.91,4
0041400101,1610612751,2207,87.38385,4.79864,0.0,7,606.35,17.91,4
0041400101,1610612751,101187,64.81167,39.72833,0.0,7,606.35,17.91,4
0041400101,1610612751,101127,73.21733,15.27512,0.0,7,606.35,17.91,4
0041400101,1610612751,201947,90.00077,38.77043,0.0,7,606.35,17.91,4
0041400101,1610612751,203486,74.73937,24.16348,0.0,7,606.35,17.91,4
0041400101,1610612737,2594,75.84169,30.81489,0.0,8,606.31,17.87,4
0041400101,1610612737,203118,85.0782,25.85022,0.0,8,606.31,17.87,4
0041400101,1610612737,203145,84.97909,10.7916,0.0,8,606.31,17.87,4
0041400101,1610612737,203471,73.18865,16.61318,0.0,8,606.31,17.87,4
0041400101,1610612737,203544,79.11438,19.48996,0.0,8,606.31,17.87,4
0041400101,1610612751,2207,87.47347,4.25072,0.0,8,606.31,17.87,4
0041400101,1610612751,101187,64.67798,38.76067,0.0,8,606.31,17.87,4
0041400101,1610612751,101127,73.9453,15.42784,0.0,8,606.31,17.87,4
0041400101,1610612751,201947,89.88706,39.11965,0.0,8,606.31,17.87,4
0041400101,1610612751,203486,76.16739,23.95773,0.0,8,606.31,17.87,4
0041400101,1610612737,2594,75.74989,30.9111,0.0,9,606.27,17.83,4
0041400101,1610612737,203118,85.09488,25.74606,0.0,9,606.27,17.83,4
0041400101,1610612737,203145,85.0043,10.71423,0.0,9,606.27,17.83,4
0041400101,1610612737,203471,73.38996,16.59411,0.0,9,606.27,17.83,4
0041400101,1610612737,203544,79.26963,19.46091,0.0,9,606.27,17.83,4
0041400101,1610612751,2207,87.4466,4.13159,0.0,9,606.27,17.83,4
0041400101,1610612751,101187,64.62551,38.5966,0.0,9,606.27,17.83,4
0041400101,1610612751,101127,74.20452,15.52616,0.0,9,606.27,17.83,4
0041400101,1610612751,201947,89.82853,39.21068,0.0,9,606.27,17.83,4
0041400101,1610612751,203486,76.36551,23.95747,0.0,9,606.27,17.83,4
0041400101,1610612737,2594,75.65463,31.01169,0.0,10,606.23,17.79,4
0041400101,1610612737,203118,85.11146,25.64326,0.0,10,606.23,17.79,4
0041400101,1610612737,203145,85.0391,10.62948,0.0,10,606.23,17.79,4
0041400101,1610612737,203471,73.60706,16.56768,0.0,10,606.23,17.79,4
0041400101,1610612737,203544,79.43697,19.43148,0.0,10,606.23,17.79,4
0041400101,1610612751,2207,87.42789,3.99455,0.0,10,606.23,17.79,4
0041400101,1610612751,101187,64.57329,38.41756,0.0,10,606.23,17.79,4
0041400101,1610612751,101127,74.48322,15.62204,0.0,10,606.23,17.79,4
0041400101,1610612751,201947,89.76759,39.28985,0.0,10,606.23,17.79,4
0041400101,1610612751,203486,76.55211,23.91469,0.0,10,606.23,17.79,4
0041400101,-1,-1,75.42447,13.82617,1.80597,11,606.19,17.75,4
0041400101,1610612737,2594,75.5531,31.12337,0.0,11,606.19,17.75,4
0041400101,1610612737,203118,85.12715,25.54555,0.0,11,606.19,17.75,4
0041400101,1610612737,203145,85.08436,10.54138,0.0,11,606.19,17.75,4
0041400101,1610612737,203471,73.85747,16.58205,0.0,11,606.19,17.75,4
0041400101,1610612737,203544,79.61358,19.39635,0.0,11,606.19,17.75,4
0041400101,1610612751,2207,87.41735,3.83959,0.0,11,606.19,17.75,4
0041400101,1610612751,101187,64.51267,38.21596,0.0,11,606.19,17.75,4
0041400101,1610612751,101127,74.68363,15.74359,0.0,11,606.19,17.75,4
0041400101,1610612751,201947,89.70241,39.3637,0.0,11,606.19,17.75,4
0041400101,1610612751,203486,76.76214,23.87666,0.0,11,606.19,17.75,4
0041400101,-1,-1,75.75772,14.07711,2.0919,12,606.15,17.71,4
0041400101,1610612737,2594,75.44946,31.2314,0.0,12,606.15,17.71,4
0041400101,1610612737,203118,85.13926,25.43986,0.0,12,606.15,17.71,4
0041400101,1610612737,203145,85.13668,10.44198,0.0,12,606.15,17.71,4
0041400101,1610612737,203471,74.13777,16.60544,0.0,12,606.15,17.71,4
0041400101,1610612737,203544,79.80042,19.35513,0.0,12,606.15,17.71,4
0041400101,1610612751,2207,87.38469,3.65523,0.0,12,606.15,17.71,4
0041400101,1610612751,101187,64.44523,37.98981,0.0,12,606.15,17.71,4
0041400101,1610612751,101127,74.91393,15.87414,0.0,12,606.15,17.71,4
0041400101,1610612751,201947,89.63038,39.45316,0.0,12,606.15,17.71,4
0041400101,1610612751,203486,76.96639,23.79572,0.0,12,606.15,17.71,4
0041400101,-1,-1,76.18297,14.39557,2.4224,13,606.11,17.67,4
0041400101,1610612737,2594,75.35167,31.33398,0.0,13,606.11,17.67,4
0041400101,1610612737,203118,85.14776,25.33585,0.0,13,606.11,17.67,4
0041400101,1610612737,203145,85.19578,10.33667,0.0,13,606.11,17.67,4
0041400101,1610612737,203471,74.4535,16.61176,0.0,13,606.11,17.67,4
0041400101,1610612737,203544,80.00868,19.31276,0.0,13,606.11,17.67,4
0041400101,1610612751,2207,87.34984,3.4643,0.0,13,606.11,17.67,4
0041400101,1610612751,101187,64.36829,37.74167,0.0,13,606.11,17.67,4
0041400101,1610612751,101127,75.17966,15.98763,0.0,13,606.11,17.67,4
0041400101,1610612751,201947,89.54474,39.54221,0.0,13,606.11,17.67,4
0041400101,1610612751,203486,77.23234,23.75937,0.0,13,606.11,17.67,4
0041400101,-1,-1,76.66862,14.75849,2.78401,14,606.07,17.63,4
0041400101,1610612737,2594,75.25034,31.44249,0.0,14,606.07,17.63,4
0041400101,1610612737,203118,85.13724,25.24599,0.0,14,606.07,17.63,4
0041400101,1610612737,203145,85.26075,10.22173,0.0,14,606.07,17.63,4
0041400101,1610612737,203471,74.78845,16.63437,0.0,14,606.07,17.63,4
0041400101,1610612737,203544,80.22629,19.26904,0.0,14,606.07,17.63,4
0041400101,1610612751,2207,87.31288,3.26466,0.0,14,606.07,17.63,4
0041400101,1610612751,101187,64.27948,37.47287,0.0,14,606.07,17.63,4
0041400101,1610612751,101127,75.46461,16.11741,0.0,14,606.07,17.63,4
0041400101,1610612751,201947,89.45211,39.66184,0.0,14,606.07,17.63,4
0041400101,1610612751,203486,77.51702,23.71911,0.0,14,606.07,17.63,4
0041400101,-1,-1,77.26735,15.2043,3.19916,15,606.03,17.59,4
0041400101,1610612737,2594,75.14823,31.55053,0.0,15,606.03,17.59,4
0041400101,1610612737,203118,85.14082,25.14917,0.0,15,606.03,17.59,4
0041400101,1610612737,203145,85.33416,10.10402,0.0,15,606.03,17.59,4
0041400101,1610612737,203471,75.14201,16.65531,0.0,15,606.03,17.59,4
0041400101,1610612737,203544,80.4565,19.23224,0.0,15,606.03,17.59,4
0041400101,1610612751,2207,87.27377,3.06801,0.0,15,606.03,17.59,4
0041400101,1610612751,101187,64.17078,37.17577,0.0,15,606.03,17.59,4
0041400101,1610612751,101127,75.76817,16.24552,0.0,15,606.03,17.59,4
0041400101,1610612751,201947,89.3446,39.78279,0.0,15,606.03,17.59,4
0041400101,1610612751,203486,77.83252,23.68222,0.0,15,606.03,17.59,4
0041400101,-1,-1,77.7866,15.1838,3.32226,16,605.99,17.55,4
0041400101,1610612737,2594,75.0467,31.65999,0.0,16,605.99,17.55,4
0041400101,1610612737,203118,85.14205,25.05428,0.0,16,605.99,17.55,4
0041400101,1610612737,203145,85.41037,9.97789,0.0,16,605.99,17.55,4
0041400101,1610612737,203471,75.51401,16.67524,0.0,16,605.99,17.55,4
0041400101,1610612737,203544,80.6963,19.19558,0.0,16,605.99,17.55,4
0041400101,1610612751,2207,87.23428,2.86559,0.0,16,605.99,17.55,4
0041400101,1610612751,101187,64.07916,36.89886,0.0,16,605.99,17.55,4
0041400101,1610612751,101127,76.09017,16.37262,0.0,16,605.99,17.55,4
0041400101,1610612751,201947,89.19898,39.97254,0.0,16,605.99,17.55,4
0041400101,1610612751,203486,78.16782,23.63829,0.0,16,605.99,17.55,4
0041400101,-1,-1,78.16481,15.27579,4.11951,17,605.95,17.51,4
0041400101,1610612737,2594,74.95167,31.75965,0.0,17,605.95,17.51,4
0041400101,1610612737,203118,85.14234,24.99454,0.0,17,605.95,17.51,4
0041400101,1610612737,203145,85.48829,9.85291,0.0,17,605.95,17.51,4
0041400101,1610612737,203471,75.84744,16.65394,0.0,17,605.95,17.51,4
0041400101,1610612737,203544,80.88793,19.14443,0.0,17,605.95,17.51,4
0041400101,1610612751,2207,87.19769,2.66203,0.0,17,605.95,17.51,4
0041400101,1610612751,101187,63.95254,36.58412,0.0,17,605.95,17.51,4
0041400101,1610612751,101127,76.39781,16.55713,0.0,17,605.95,17.51,4
0041400101,1610612751,201947,89.01592,40.22746,0.0,17,605.95,17.51,4
0041400101,1610612751,203486,78.48104,23.60071,0.0,17,605.95,17.51,4
0041400101,-1,-1,78.26789,15.47441,5.00827,18,605.91,17.47,4
0041400101,1610612737,2594,74.87305,31.84926,0.0,18,605.91,17.47,4
0041400101,1610612737,203118,85.13555,24.94846,0.0,18,605.91,17.47,4
0041400101,1610612737,203145,85.57137,9.73825,0.0,18,605.91,17.47,4
0041400101,1610612737,203471,76.17524,16.67708,0.0,18,605.91,17.47,4
0041400101,1610612737,203544,81.10523,19.09493,0.0,18,605.91,17.47,4
0041400101,1610612751,2207,87.16852,2.47142,0.0,18,605.91,17.47,4
0041400101,1610612751,101187,63.85624,36.32493,0.0,18,605.91,17.47,4
0041400101,1610612751,101127,76.68607,16.75804,0.0,18,605.91,17.47,4
0041400101,1610612751,201947,88.8287,40.48779,0.0,18,605.91,17.47,4
0041400101,1610612751,203486,78.80207,23.54742,0.0,18,605.91,17.47,4
0041400101,-1,-1,78.04639,15.73268,5.93309,19,605.87,17.43,4
0041400101,1610612737,2594,74.80047,31.93374,0.0,19,605.87,17.43,4
0041400101,1610612737,203118,85.11609,24.90594,0.0,19,605.87,17.43,4
0041400101,1610612737,203145,85.65396,9.63534,0.0,19,605.87,17.43,4
0041400101,1610612737,203471,76.40758,16.72677,0.0,19,605.87,17.43,4
0041400101,1610612737,203544,81.30668,19.03805,0.0,19,605.87,17.43,4
0041400101,1610612751,2207,87.14461,2.30144,0.0,19,605.87,17.43,4
0041400101,1610612751,101187,63.72426,36.03172,0.0,19,605.87,17.43,4
0041400101,1610612751,101127,76.9685,16.96269,0.0,19,605.87,17.43,4
0041400101,1610612751,201947,88.65774,40.67134,0.0,19,605.87,17.43,4
0041400101,1610612751,203486,79.13066,23.48735,0.0,19,605.87,17.43,4
0041400101,-1,-1,77.92237,16.0564,6.63967,20,605.83,17.39,4
0041400101,1610612737,2594,74.74159,31.99893,0.0,20,605.83,17.39,4
0041400101,1610612737,203118,85.09039,24.88018,0.0,20,605.83,17.39,4
0041400101,1610612737,203145,85.74021,9.54586,0.0,20,605.83,17.39,4
0041400101,1610612737,203471,76.65387,16.78134,0.0,20,605.83,17.39,4
0041400101,1610612737,203544,81.49181,19.00215,0.0,20,605.83,17.39,4
0041400101,1610612751,2207,87.12396,2.14217,0.0,20,605.83,17.39,4
0041400101,1610612751,101187,63.59199,35.74479,0.0,20,605.83,17.39,4
0041400101,1610612751,101127,77.20195,17.18973,0.0,20,605.83,17.39,4
0041400101,1610612751,201947,88.48713,40.90673,0.0,20,605.83,17.39,4
0041400101,1610612751,203486,79.43285,23.37825,0.0,20,605.83,17.39,4
0041400101,-1,-1,77.92378,16.19179,7.12377,21,605.79,17.35,4
0041400101,1610612737,2594,74.69636,32.05541,0.0,21,605.79,17.35,4
0041400101,1610612737,203118,85.0618,24.86219,0.0,21,605.79,17.35,4
0041400101,1610612737,203145,85.82954,9.47889,0.0,21,605.79,17.35,4
0041400101,1610612737,203471,76.90786,16.85079,0.0,21,605.79,17.35,4
0041400101,1610612737,203544,81.65208,19.03382,0.0,21,605.79,17.35,4
0041400101,1610612751,2207,87.09697,1.98879,0.0,21,605.79,17.35,4
0041400101,1610612751,101187,63.45615,35.45829,0.0,21,605.79,17.35,4
0041400101,1610612751,101127,77.43521,17.41819,0.0,21,605.79,17.35,4
0041400101,1610612751,201947,88.31319,41.14288,0.0,21,605.79,17.35,4
0041400101,1610612751,203486,79.75735,23.26262,0.0,21,605.79,17.35,4
0041400101,-1,-1,77.94354,16.27069,7.45427,22,605.75,17.31,4
0041400101,1610612737,2594,74.66825,32.09328,0.0,22,605.75,17.31,4
0041400101,1610612737,203118,85.03169,24.86791,0.0,22,605.75,17.31,4
0041400101,1610612737,203145,85.91875,9.43079,0.0,22,605.75,17.31,4
0041400101,1610612737,203471,77.13747,16.98667,0.0,22,605.75,17.31,4
0041400101,1610612737,203544,81.81389,19.08353,0.0,22,605.75,17.31,4
0041400101,1610612751,2207,87.08142,1.8576,0.0,22,605.75,17.31,4
0041400101,1610612751,101187,63.30977,35.17769,0.0,22,605.75,17.31,4
0041400101,1610612751,101127,77.66317,17.58175,0.0,22,605.75,17.31,4
0041400101,1610612751,201947,88.13405,41.37641,0.0,22,605.75,17.31,4
0041400101,1610612751,203486,80.0846,23.15981,0.0,22,605.75,17.31,4
0041400101,-1,-1,77.94303,16.59807,7.90894,23,605.71,17.27,4
0041400101,1610612737,2594,74.66165,32.12125,0.0,23,605.71,17.27,4
0041400101,1610612737,203118,84.99785,24.91295,0.0,23,605.71,17.27,4
0041400101,1610612737,203145,86.00778,9.39602,0.0,23,605.71,17.27,4
0041400101,1610612737,203471,77.37095,17.07361,0.0,23,605.71,17.27,4
0041400101,1610612737,203544,81.9865,19.14682,0.0,23,605.71,17.27,4
0041400101,1610612751,2207,87.06899,1.80055,0.0,23,605.71,17.27,4
0041400101,1610612751,101187,63.15473,34.90041,0.0,23,605.71,17.27,4
0041400101,1610612751,101127,77.87001,17.81595,0.0,23,605.71,17.27,4
0041400101,1610612751,201947,87.94683,41.60552,0.0,23,605.71,17.27,4
0041400101,1610612751,203486,80.40092,23.06224,0.0,23,605.71,17.27,4
0041400101,-1,-1,78.14169,17.1808,8.23929,24,605.67,17.23,4
0041400101,1610612737,2594,74.6837,32.14395,0.0,24,605.67,17.23,4
0041400101,1610612737,203118,84.96601,24.97958,0.0,24,605.67,17.23,4
0041400101,1610612737,203145,86.09515,9.38052,0.0,24,605.67,17.23,4
0041400101,1610612737,203471,77.59211,17.14429,0.0,24,605.67,17.23,4
0041400101,1610612737,203544,82.15821,19.22726,0.0,24,605.67,17.23,4
0041400101,1610612751,2207,87.05729,1.81925,0.0,24,605.67,17.23,4
0041400101,1610612751,101187,62.98438,34.61581,0.0,24,605.67,17.23,4
0041400101,1610612751,101127,78.04636,17.89924,0.0,24,605.67,17.23,4
0041400101,1610612751,201947,87.75807,41.83181,0.0,24,605.67,17.23,4
0041400101,1610612751,203486,80.6978,22.90307,0.0,24,605.67,17.23,4
0041400101,-1,-1,78.44679,18.04033,8.67842,25,605.63,17.19,4
0041400101,1610612737,2594,74.72646,32.18025,0.0,25,605.63,17.19,4
0041400101,1610612737,203118,84.93319,25.0623,0.0,25,605.63,17.19,4
0041400101,1610612737,203145,86.17764,9.37897,0.0,25,605.63,17.19,4
0041400101,1610612737,203471,77.81323,17.22309,0.0,25,605.63,17.19,4
0041400101,1610612737,203544,82.32792,19.32361,0.0,25,605.63,17.19,4
0041400101,1610612751,2207,87.03721,1.91827,0.0,25,605.63,17.19,4
0041400101,1610612751,101187,62.80443,34.32665,0.0,25,605.63,17.19,4
0041400101,1610612751,101127,78.23129,18.00037,0.0,25,605.63,17.19,4
0041400101,1610612751,201947,87.56105,42.0779,0.0,25,605.63,17.19,4
0041400101,1610612751,203486,81.0089,22.79125,0.0,25,605.63,17.19,4
0041400101,-1,-1,78.91562,19.15365,8.96822,26,605.59,17.15,4
0041400101,1610612737,2594,74.78418,32.22197,0.0,26,605.59,17.15,4
0041400101,1610612737,203118,84.90083,25.15116,0.0,26,605.59,17.15,4
0041400101,1610612737,203145,86.25739,9.39359,0.0,26,605.59,17.15,4
0041400101,1610612737,203471,78.01595,17.27302,0.0,26,605.59,17.15,4
0041400101,1610612737,203544,82.4966,19.44177,0.0,26,605.59,17.15,4
0041400101,1610612751,2207,87.00876,2.09761,0.0,26,605.59,17.15,4
0041400101,1610612751,101187,62.6248,34.0467,0.0,26,605.59,17.15,4
0041400101,1610612751,101127,78.5479,18.13057,0.0,26,605.59,17.15,4
0041400101,1610612751,201947,87.36014,42.33231,0.0,26,605.59,17.15,4
0041400101,1610612751,203486,81.33692,22.72163,0.0,26,605.59,17.15,4
0041400101,-1,-1,79.33894,20.50857,8.99917,27,605.55,17.11,4
0041400101,1610612737,2594,74.86413,32.28521,0.0,27,605.55,17.11,4
0041400101,1610612737,203118,84.86733,25.25986,0.0,27,605.55,17.11,4
0041400101,1610612737,203145,86.33623,9.42695,0.0,27,605.55,17.11,4
0041400101,1610612737,203471,78.19904,17.31732,0.0,27,605.55,17.11,4
0041400101,1610612737,203544,82.66415,19.58443,0.0,27,605.55,17.11,4
0041400101,1610612751,2207,87.00222,2.36877,0.0,27,605.55,17.11,4
0041400101,1610612751,101187,62.44006,33.77256,0.0,27,605.55,17.11,4
0041400101,1610612751,101127,78.85994,18.22494,0.0,27,605.55,17.11,4
0041400101,1610612751,201947,87.152,42.57505,0.0,27,605.55,17.11,4
0041400101,1610612751,203486,81.71109,22.74186,0.0,27,605.55,17.11,4
0041400101,-1,-1,79.77869,21.75382,8.89341,28,605.51,17.07,4
0041400101,1610612737,2594,74.95607,32.36229,0.0,28,605.51,17.07,4
0041400101,1610612737,203118,84.82736,25.36757,0.0,28,605.51,17.07,4
0041400101,1610612737,203145,86.40907,9.47844,0.0,28,605.51,17.07,4
0041400101,1610612737,203471,78.35357,17.37584,0.0,28,605.51,17.07,4
0041400101,1610612737,203544,82.8164,19.73768,0.0,28,605.51,17.07,4
0041400101,1610612751,2207,86.99767,2.7089,0.0,28,605.51,17.07,4
0041400101,1610612751,101187,62.26244,33.50956,0.0,28,605.51,17.07,4
0041400101,1610612751,101127,79.13571,18.37141,0.0,28,605.51,17.07,4
0041400101,1610612751,201947,86.94969,42.82167,0.0,28,605.51,17.07,4
0041400101,1610612751,203486,82.03553,22.73707,0.0,28,605.51,17.07,4
0041400101,-1,-1,80.07995,22.93811,9.19896,29,605.47,17.03,4
0041400101,1610612737,2594,75.06862,32.44958,0.0,29,605.47,17.03,4
0041400101,1610612737,203118,84.80398,25.52126,0.0,29,605.47,17.03,4
0041400101,1610612737,203145,86.4786,9.54687,0.0,29,605.47,17.03,4
0041400101,1610612737,203471,78.49421,17.42485,0.0,29,605.47,17.03,4
0041400101,1610612737,203544,82.96706,19.90265,0.0,29,605.47,17.03,4
0041400101,1610612751,2207,86.99502,3.12015,0.0,29,605.47,17.03,4
0041400101,1610612751,101187,62.09408,33.25362,0.0,29,605.47,17.03,4
0041400101,1610612751,101127,79.44207,18.50863,0.0,29,605.47,17.03,4
0041400101,1610612751,201947,86.75467,43.03973,0.0,29,605.47,17.03,4
0041400101,1610612751,203486,82.36663,22.69602,0.0,29,605.47,17.03,4
0041400101,-1,-1,80.53588,24.18783,8.98182,30,605.43,16.99,4
0041400101,1610612737,2594,75.19753,32.54225,0.0,30,605.43,16.99,4
0041400101,1610612737,203118,84.77713,25.64122,0.0,30,605.43,16.99,4
0041400101,1610612737,203145,86.54521,9.62512,0.0,30,605.43,16.99,4
0041400101,1610612737,203471,78.61875,17.47736,0.0,30,605.43,16.99,4
0041400101,1610612737,203544,83.11915,20.06519,0.0,30,605.43,16.99,4
0041400101,1610612751,2207,86.99432,3.59083,0.0,30,605.43,16.99,4
0041400101,1610612751,101187,61.9311,33.00086,0.0,30,605.43,16.99,4
0041400101,1610612751,101127,79.72045,18.64573,0.0,30,605.43,16.99,4
0041400101,1610612751,201947,86.57537,43.25074,0.0,30,605.43,16.99,4
0041400101,1610612751,203486,82.68027,22.65534,0.0,30,605.43,16.99,4
0041400101,-1,-1,80.89168,25.3612,8.88342,31,605.39,16.95,4
0041400101,1610612737,2594,75.35082,32.64938,0.0,31,605.39,16.95,4
0041400101,1610612737,203118,84.75187,25.77204,0.0,31,605.39,16.95,4
0041400101,1610612737,203145,86.60787,9.71585,0.0,31,605.39,16.95,4
0041400101,1610612737,203471,78.72782,17.53686,0.0,31,605.39,16.95,4
0041400101,1610612737,203544,83.26688,20.23291,0.0,31,605.39,16.95,4
0041400101,1610612751,2207,86.99378,4.12969,0.0,31,605.39,16.95,4
0041400101,1610612751,101187,61.7423,32.70959,0.0,31,605.39,16.95,4
0041400101,1610612751,101127,80.00166,18.78173,0.0,31,605.39,16.95,4
0041400101,1610612751,201947,86.43829,43.38214,0.0,31,605.39,16.95,4
0041400101,1610612751,203486,82.98854,22.61769,0.0,31,605.39,16.95,4
0041400101,-1,-1,81.23587,26.46608,8.90809,32,605.35,16.91,4
0041400101,1610612737,2594,75.51465,32.7638,0.0,32,605.35,16.91,4
0041400101,1610612737,203118,84.7226,25.92851,0.0,32,605.35,16.91,4
0041400101,1610612737,203145,86.66408,9.81861,0.0,32,605.35,16.91,4
0041400101,1610612737,203471,78.82391,17.66007,0.0,32,605.35,16.91,4
0041400101,1610612737,203544,83.41157,20.39875,0.0,32,605.35,16.91,4
0041400101,1610612751,2207,86.9934,4.73946,0.0,32,605.35,16.91,4
0041400101,1610612751,101187,61.58177,32.46509,0.0,32,605.35,16.91,4
0041400101,1610612751,101127,80.24571,18.84049,0.0,32,605.35,16.91,4
0041400101,1610612751,201947,86.3479,43.43318,0.0,32,605.35,16.91,4
0041400101,1610612751,203486,83.29722,22.60315,0.0,32,605.35,16.91,4
0041400101,-1,-1,81.69887,27.84367,8.44115,33,605.31,16.87,4
0041400101,1610612737,2594,75.7002,32.88763,0.0,33,605.31,16.87,4
0041400101,1610612737,203118,84.70023,26.1246,0.0,33,605.31,16.87,4
0041400101,1610612737,203145,86.71532,9.92613,0.0,33,605.31,16.87,4
0041400101,1610612737,203471,78.90281,17.75739,0.0,33,605.31,16.87,4
0041400101,1610612737,203544,83.55528,20.56494,0.0,33,605.31,16.87,4
0041400101,1610612751,2207,86.9904,5.35063,0.0,33,605.31,16.87,4
0041400101,1610612751,101187,61.38847,32.18039,0.0,33,605.31,16.87,4
0041400101,1610612751,101127,80.54875,18.87463,0.0,33,605.31,16.87,4
0041400101,1610612751,201947,86.26805,43.4046,0.0,33,605.31,16.87,4
0041400101,1610612751,203486,83.61435,22.58763,0.0,33,605.31,16.87,4
0041400101,-1,-1,81.97258,28.84126,8.23437,34,605.27,16.83,4
0041400101,1610612737,2594,75.90498,33.00161,0.0,34,605.27,16.83,4
0041400101,1610612737,203118,84.69719,26.3632,0.0,34,605.27,16.83,4
0041400101,1610612737,203145,86.76172,10.03286,0.0,34,605.27,16.83,4
0041400101,1610612737,203471,79.04338,17.84631,0.0,34,605.27,16.83,4
0041400101,1610612737,203544,83.70048,20.73564,0.0,34,605.27,16.83,4
0041400101,1610612751,2207,86.98331,5.97415,0.0,34,605.27,16.83,4
0041400101,1610612751,101187,61.23649,31.93575,0.0,34,605.27,16.83,4
0041400101,1610612751,101127,80.85062,18.89792,0.0,34,605.27,16.83,4
0041400101,1610612751,201947,86.18082,43.38639,0.0,34,605.27,16.83,4
0041400101,1610612751,203486,83.89847,22.60599,0.0,34,605.27,16.83,4
0041400101,-1,-1,82.40489,30.03768,8.41984,35,605.23,16.79,4
0041400101,1610612737,2594,76.14004,33.1333,0.0,35,605.23,16.79,4
0041400101,1610612737,203118,84.70488,26.62647,0.0,35,605.23,16.79,4
0041400101,1610612737,203145,86.80146,10.14563,0.0,35,605.23,16.79,4
0041400101,1610612737,203471,79.1689,17.9156,0.0,35,605.23,16.79,4
0041400101,1610612737,203544,83.84865,20.89407,0.0,35,605.23,16.79,4
0041400101,1610612751,2207,86.97529,6.60335,0.0,35,605.23,16.79,4
0041400101,1610612751,101187,61.0926,31.68531,0.0,35,605.23,16.79,4
0041400101,1610612751,101127,81.14198,18.90705,0.0,35,605.23,16.79,4
0041400101,1610612751,201947,86.11082,43.37259,0.0,35,605.23,16.79,4
0041400101,1610612751,203486,84.21282,22.67656,0.0,35,605.23,16.79,4
0041400101,-1,-1,82.77948,31.25833,8.03465,36,605.19,16.75,4
0041400101,1610612737,2594,76.39313,33.29718,0.0,36,605.19,16.75,4
0041400101,1610612737,203118,84.71995,26.9228,0.0,36,605.19,16.75,4
0041400101,1610612737,203145,86.82967,10.24705,0.0,36,605.19,16.75,4
0041400101,1610612737,203471,79.29274,17.9987,0.0,36,605.19,16.75,4
0041400101,1610612737,203544,83.99658,21.03731,0.0,36,605.19,16.75,4
0041400101,1610612751,2207,86.96888,7.24085,0.0,36,605.19,16.75,4
0041400101,1610612751,101187,60.957,31.43088,0.0,36,605.19,16.75,4
0041400101,1610612751,101127,81.43503,18.90979,0.0,36,605.19,16.75,4
0041400101,1610612751,201947,86.0812,43.41843,0.0,36,605.19,16.75,4
0041400101,1610612751,203486,84.49956,22.74678,0.0,36,605.19,16.75,4
0041400101,-1,-1,83.19206,32.51402,7.50288,37,605.15,16.71,4
0041400101,1610612737,2594,76.69223,33.50476,0.0,37,605.15,16.71,4
0041400101,1610612737,203118,84.74426,27.23614,0.0,37,605.15,16.71,4
0041400101,1610612737,203145,86.8554,10.35133,0.0,37,605.15,16.71,4
0041400101,1610612737,203471,79.41104,18.06673,0.0,37,605.15,16.71,4
0041400101,1610612737,203544,84.14298,21.1767,0.0,37,605.15,16.71,4
0041400101,1610612751,2207,86.9566,7.88398,0.0,37,605.15,16.71,4
0041400101,1610612751,101187,60.82984,31.17792,0.0,37,605.15,16.71,4
0041400101,1610612751,101127,81.72937,18.9126,0.0,37,605.15,16.71,4
0041400101,1610612751,201947,86.06933,43.43357,0.0,37,605.15,16.71,4
0041400101,1610612751,203486,84.77949,22.79807,0.0,37,605.15,16.71,4
0041400101,-1,-1,83.49971,33.61378,7.28973,38,605.11,16.67,4
0041400101,1610612737,2594,76.98981,33.71727,0.0,38,605.11,16.67,4
0041400101,1610612737,203118,84.77531,27.56017,0.0,38,605.11,16.67,4
0041400101,1610612737,203145,86.86804,10.44928,0.0,38,605.11,16.67,4
0041400101,1610612737,203471,79.53147,18.13028,0.0,38,605.11,16.67,4
0041400101,1610612737,203544,84.28365,21.30564,0.0,38,605.11,16.67,4
0041400101,1610612751,2207,86.93768,8.46901,0.0,38,605.11,16.67,4
0041400101,1610612751,101187,60.71533,30.92586,0.0,38,605.11,16.67,4
0041400101,1610612751,101127,82.03321,18.89489,0.0,38,605.11,16.67,4
0041400101,1610612751,201947,86.08691,43.47683,0.0,38,605.11,16.67,4
0041400101,1610612751,203486,85.04539,22.86542,0.0,38,605.11,16.67,4
0041400101,-1,-1,83.96874,34.77427,6.73927,39,605.07,16.63,4
0041400101,1610612737,2594,77.30031,33.95314,0.0,39,605.07,16.63,4
0041400101,1610612737,203118,84.79989,27.88485,0.0,39,605.07,16.63,4
0041400101,1610612737,203145,86.87032,10.54528,0.0,39,605.07,16.63,4
0041400101,1610612737,203471,79.67052,18.20407,0.0,39,605.07,16.63,4
0041400101,1610612737,203544,84.4211,21.44017,0.0,39,605.07,16.63,4
0041400101,1610612751,2207,86.91419,8.99984,0.0,39,605.07,16.63,4
0041400101,1610612751,101187,60.6182,30.69204,0.0,39,605.07,16.63,4
0041400101,1610612751,101127,82.32837,18.96632,0.0,39,605.07,16.63,4
0041400101,1610612751,201947,86.12613,43.49203,0.0,39,605.07,16.63,4
0041400101,1610612751,203486,85.34637,22.99436,0.0,39,605.07,16.63,4
0041400101,-1,-1,84.37223,35.85322,6.17967,40,605.03,16.59,4
0041400101,1610612737,2594,77.61254,34.19346,0.0,40,605.03,16.59,4
0041400101,1610612737,203118,84.87064,28.25497,0.0,40,605.03,16.59,4
0041400101,1610612737,203145,86.86465,10.64224,0.0,40,605.03,16.59,4
0041400101,1610612737,203471,79.78144,18.27467,0.0,40,605.03,16.59,4
0041400101,1610612737,203544,84.55961,21.57392,0.0,40,605.03,16.59,4
0041400101,1610612751,2207,86.88767,9.47579,0.0,40,605.03,16.59,4
0041400101,1610612751,101187,60.52737,30.46192,0.0,40,605.03,16.59,4
0041400101,1610612751,101127,82.6029,19.0051,0.0,40,605.03,16.59,4
0041400101,1610612751,201947,86.16692,43.44969,0.0,40,605.03,16.59,4
0041400101,1610612751,203486,85.65062,23.13214,0.0,40,605.03,16.59,4
0041400101,-1,-1,84.74508,36.88414,5.61618,41,604.99,16.55,4
0041400101,1610612737,2594,77.92612,34.46337,0.0,41,604.99,16.55,4
0041400101,1610612737,203118,84.94573,28.64201,0.0,41,604.99,16.55,4
0041400101,1610612737,203145,86.8488,10.73952,0.0,41,604.99,16.55,4
0041400101,1610612737,203471,79.88053,18.34584,0.0,41,604.99,16.55,4
0041400101,1610612737,203544,84.69517,21.69653,0.0,41,604.99,16.55,4
0041400101,1610612751,2207,86.8589,9.90247,0.0,41,604.99,16.55,4
0041400101,1610612751,101187,60.44625,30.2435,0.0,41,604.99,16.55,4
0041400101,1610612751,101127,82.83881,18.99862,0.0,41,604.99,16.55,4
0041400101,1610612751,201947,86.22688,43.40846,0.0,41,604.99,16.55,4
0041400101,1610612751,203486,85.92288,23.23942,0.0,41,604.99,16.55,4
0041400101,-1,-1,85.09624,37.94453,5.01697,42,604.95,16.51,4
0041400101,1610612737,2594,78.23093,34.74068,0.0,42,604.95,16.51,4
0041400101,1610612737,203118,85.02697,29.03597,0.0,42,604.95,16.51,4
0041400101,1610612737,203145,86.81679,10.8378,0.0,42,604.95,16.51,4
0041400101,1610612737,203471,79.97824,18.46035,0.0,42,604.95,16.51,4
0041400101,1610612737,203544,84.82656,21.81278,0.0,42,604.95,16.51,4
0041400101,1610612751,2207,86.82031,10.27518,0.0,42,604.95,16.51,4
0041400101,1610612751,101187,60.37747,30.0383,0.0,42,604.95,16.51,4
0041400101,1610612751,101127,83.06018,19.01906,0.0,42,604.95,16.51,4
0041400101,1610612751,201947,86.30571,43.35128,0.0,42,604.95,16.51,4
0041400101,1610612751,203486,86.16934,23.32084,0.0,42,604.95,16.51,4
0041400101,-1,-1,85.43469,39.11191,4.35016,43,604.91,16.47,4
0041400101,1610612737,2594,78.54324,35.02556,0.0,43,604.91,16.47,4
0041400101,1610612737,203118,85.11798,29.45771,0.0,43,604.91,16.47,4
0041400101,1610612737,203145,86.78581,10.93395,0.0,43,604.91,16.47,4
0041400101,1610612737,203471,80.08214,18.60399,0.0,43,604.91,16.47,4
0041400101,1610612737,203544,84.93522,21.87598,0.0,43,604.91,16.47,4
0041400101,1610612751,2207,86.78375,10.59558,0.0,43,604.91,16.47,4
0041400101,1610612751,101187,60.31992,29.83721,0.0,43,604.91,16.47,4
0041400101,1610612751,101127,83.29257,18.99172,0.0,43,604.91,16.47,4
0041400101,1610612751,201947,86.39031,43.27595,0.0,43,604.91,16.47,4
0041400101,1610612751,203486,86.39572,23.39288,0.0,43,604.91,16.47,4
0041400101,-1,-1,85.75167,40.49679,3.53532,44,604.87,16.43,4
0041400101,1610612737,2594,78.84617,35.32585,0.0,44,604.87,16.43,4
0041400101,1610612737,203118,85.1799,29.83165,0.0,44,604.87,16.43,4
0041400101,1610612737,203145,86.74782,11.03405,0.0,44,604.87,16.43,4
0041400101,1610612737,203471,80.18433,18.69734,0.0,44,604.87,16.43,4
0041400101,1610612737,203544,85.04854,21.99215,0.0,44,604.87,16.43,4
0041400101,1610612751,2207,86.74294,10.86483,0.0,44,604.87,16.43,4
0041400101,1610612751,101187,60.26719,29.62977,0.0,44,604.87,16.43,4
0041400101,1610612751,101127,83.49184,18.96186,0.0,44,604.87,16.43,4
0041400101,1610612751,201947,86.47503,43.19019,0.0,44,604.87,16.43,4
0041400101,1610612751,203486,86.62973,23.50719,0.0,44,604.87,16.43,4
0041400101,-1,-1,86.01003,40.68488,3.5463,45,604.83,16.39,4
0041400101,1610612737,2594,79.17026,35.61597,0.0,45,604.83,16.39,4
0041400101,1610612737,203118,85.24256,30.27236,0.0,45,604.83,16.39,4
0041400101,1610612737,203145,86.70736,11.13972,0.0,45,604.83,16.39,4
0041400101,1610612737,203471,80.29313,18.78431,0.0,45,604.83,16.39,4
0041400101,1610612737,203544,85.15584,22.1147,0.0,45,604.83,16.39,4
0041400101,1610612751,2207,86.7054,11.08428,0.0,45,604.83,16.39,4
0041400101,1610612751,101187,60.23423,29.43696,0.0,45,604.83,16.39,4
0041400101,1610612751,101127,83.71605,18.92447,0.0,45,604.83,16.39,4
0041400101,1610612751,201947,86.57186,43.09579,0.0,45,604.83,16.39,4
0041400101,1610612751,203486,86.86103,23.61351,0.0,45,604.83,16.39,4
0041400101,-1,-1,86.27216,40.81538,3.58047,46,604.79,16.35,4
0041400101,1610612737,2594,79.45502,35.92894,0.0,46,604.79,16.35,4
0041400101,1610612737,203118,85.31793,30.72182,0.0,46,604.79,16.35,4
0041400101,1610612737,203145,86.66407,11.25565,0.0,46,604.79,16.35,4
0041400101,1610612737,203471,80.40998,18.87567,0.0,46,604.79,16.35,4
0041400101,1610612737,203544,85.25735,22.24266,0.0,46,604.79,16.35,4
0041400101,1610612751,2207,86.66407,11.25565,0.0,46,604.79,16.35,4
0041400101,1610612751,101187,60.2162,29.26208,0.0,46,604.79,16.35,4
0041400101,1610612751,101127,83.93532,18.87833,0.0,46,604.79,16.35,4
0041400101,1610612751,201947,86.62721,43.05618,0.0,46,604.79,16.35,4
0041400101,1610612751,203486,87.0955,23.66895,0.0,46,604.79,16.35,4
0041400101,-1,-1,86.52891,40.90253,3.63968,47,604.75,16.31,4
0041400101,1610612737,2594,79.74771,36.24971,0.0,47,604.75,16.31,4
0041400101,1610612737,203118,85.41207,31.16141,0.0,47,604.75,16.31,4
0041400101,1610612737,203145,86.62972,11.37809,0.0,47,604.75,16.31,4
0041400101,1610612737,203471,80.52906,18.9736,0.0,47,604.75,16.31,4
0041400101,1610612737,203544,85.35532,22.37687,0.0,47,604.75,16.31,4
0041400101,1610612751,2207,86.62972,11.37809,0.0,47,604.75,16.31,4
0041400101,1610612751,101187,60.2132,29.10156,0.0,47,604.75,16.31,4
0041400101,1610612751,101127,84.19082,18.84458,0.0,47,604.75,16.31,4
0041400101,1610612751,201947,86.68369,43.00439,0.0,47,604.75,16.31,4
0041400101,1610612751,203486,87.33151,23.70674,0.0,47,604.75,16.31,4
0041400101,-1,-1,86.77119,40.96051,3.72578,48,604.71,16.27,4
0041400101,1610612737,2594,80.02633,36.57483,0.0,48,604.71,16.27,4
0041400101,1610612737,203118,85.51769,31.57792,0.0,48,604.71,16.27,4
0041400101,1610612737,203145,86.59558,11.50878,0.0,48,604.71,16.27,4
0041400101,1610612737,203471,80.63879,19.07609,0.0,48,604.71,16.27,4
0041400101,1610612737,203544,85.43824,22.51525,0.0,48,604.71,16.27,4
0041400101,1610612751,2207,86.57574,11.42594,0.0,48,604.71,16.27,4
0041400101,1610612751,101187,60.22689,28.95542,0.0,48,604.71,16.27,4
0041400101,1610612751,101127,84.40589,18.80357,0.0,48,604.71,16.27,4
0041400101,1610612751,201947,86.70947,43.03881,0.0,48,604.71,16.27,4
0041400101,1610612751,203486,87.58571,23.79592,0.0,48,604.71,16.27,4
0041400101,-1,-1,86.98986,41.00356,3.8406,49,604.67,16.23,4
0041400101,1610612737,2594,80.29819,36.91285,0.0,49,604.67,16.23,4
0041400101,1610612737,203118,85.62334,31.96879,0.0,49,604.67,16.23,4
0041400101,1610612737,203145,86.56922,11.64822,0.0,49,604.67,16.23,4
0041400101,1610612737,203471,80.73944,19.17276,0.0,49,604.67,16.23,4
0041400101,1610612737,203544,85.51379,22.65904,0.0,49,604.67,16.23,4
0041400101,1610612751,2207,86.5074,11.39845,0.0,49,604.67,16.23,4
0041400101,1610612751,101187,60.24553,28.81185,0.0,49,604.67,16.23,4
0041400101,1610612751,101127,84.60898,18.75939,0.0,49,604.67,16.23,4
0041400101,1610612751,201947,86.7147,43.03877,0.0,49,604.67,16.23,4
0041400101,1610612751,203486,87.81889,23.88145,0.0,49,604.67,16.23,4
0041400101,-1,-1,87.17581,41.04588,3.98599,50,604.63,16.19,4
0041400101,1610612737,2594,80.53816,37.24707,0.0,50,604.63,16.19,4
0041400101,1610612737,203118,85.73775,32.34502,0.0,50,604.63,16.19,4
0041400101,1610612737,203145,86.5437,11.79181,0.0,50,604.63,16.19,4
0041400101,1610612737,203471,80.81964,19.279,0.0,50,604.63,16.19,4
0041400101,1610612737,203544,85.57963,22.80138,0.0,50,604.63,16.19,4
0041400101,1610612751,2207,86.42244,11.29326,0.0,50,604.63,16.19,4
0041400101,1610612751,101187,60.27877,28.68809,0.0,50,604.63,16.19,4
0041400101,1610612751,101127,84.81256,18.71352,0.0,50,604.63,16.19,4
0041400101,1610612751,201947,86.70552,43.02829,0.0,50,604.63,16.19,4
0041400101,1610612751,203486,88.02901,23.92197,0.0,50,604.63,16.19,4
0041400101,-1,-1,87.31992,41.10168,4.1638,51,604.59,16.15,4
0041400101,1610612737,2594,80.76302,37.55623,0.0,51,604.59,16.15,4
0041400101,1610612737,203118,85.8621,32.70606,0.0,51,604.59,16.15,4
0041400101,1610612737,203145,86.52626,11.94036,0.0,51,604.59,16.15,4
0041400101,1610612737,203471,80.86197,19.37223,0.0,51,604.59,16.15,4
0041400101,1610612737,203544,85.63777,22.942,0.0,51,604.59,16.15,4
0041400101,1610612751,2207,86.32602,11.11478,0.0,51,604.59,16.15,4
0041400101,1610612751,101187,60.32391,28.58102,0.0,51,604.59,16.15,4
0041400101,1610612751,101127,85.00845,18.65578,0.0,51,604.59,16.15,4
0041400101,1610612751,201947,86.65399,42.9509,0.0,51,604.59,16.15,4
0041400101,1610612751,203486,88.22279,23.92748,0.0,51,604.59,16.15,4
0041400101,-1,-1,87.41307,41.18519,4.37587,52,604.55,16.11,4
0041400101,1610612737,2594,80.95375,37.82249,0.0,52,604.55,16.11,4
0041400101,1610612737,203118,85.98685,33.05437,0.0,52,604.55,16.11,4
0041400101,1610612737,203145,86.51472,12.08225,0.0,52,604.55,16.11,4
0041400101,1610612737,203471,80.88371,19.50316,0.0,52,604.55,16.11,4
0041400101,1610612737,203544,85.68978,23.07341,0.0,52,604.55,16.11,4
0041400101,1610612751,2207,86.21128,10.85753,0.0,52,604.55,16.11,4
0041400101,1610612751,101187,60.37876,28.48545,0.0,52,604.55,16.11,4
0041400101,1610612751,101127,85.18538,18.57791,0.0,52,604.55,16.11,4
0041400101,1610612751,201947,86.59283,42.89087,0.0,52,604.55,16.11,4
0041400101,1610612751,203486,88.41322,23.9892,0.0,52,604.55,16.11,4
0041400101,-1,-1,87.44615,41.3106,4.62404,53,604.51,16.07,4
0041400101,1610612737,2594,81.14511,38.1046,0.0,53,604.51,16.07,4
0041400101,1610612737,203118,86.12022,33.38636,0.0,53,604.51,16.07,4
0041400101,1610612737,203145,86.51014,12.22624,0.0,53,604.51,16.07,4
0041400101,1610612737,203471,80.84647,19.63079,0.0,53,604.51,16.07,4
0041400101,1610612737,203544,85.74237,23.19918,0.0,53,604.51,16.07,4
0041400101,1610612751,2207,86.08526,10.52385,0.0,53,604.51,16.07,4
0041400101,1610612751,101187,60.44228,28.40422,0.0,53,604.51,16.07,4
0041400101,1610612751,101127,85.35884,18.49419,0.0,53,604.51,16.07,4
0041400101,1610612751,201947,86.50767,42.79297,0.0,53,604.51,16.07,4
0041400101,1610612751,203486,88.58739,23.99219,0.0,53,604.51,16.07,4
0041400101,-1,-1,87.13117,41.55773,5.50799,54,604.47,16.03,4
0041400101,1610612737,2594,81.27721,38.32256,0.0,54,604.47,16.03,4
0041400101,1610612737,203118,86.2632,33.7186,0.0,54,604.47,16.03,4
0041400101,1610612737,203145,86.50716,12.37353,0.0,54,604.47,16.03,4
0041400101,1610612737,203471,80.75054,19.77464,0.0,54,604.47,16.03,4
0041400101,1610612737,203544,85.79433,23.30401,0.0,54,604.47,16.03,4
0041400101,1610612751,2207,85.9459,10.10983,0.0,54,604.47,16.03,4
0041400101,1610612751,101187,60.51281,28.33011,0.0,54,604.47,16.03,4
0041400101,1610612751,101127,85.53583,18.38625,0.0,54,604.47,16.03,4
0041400101,1610612751,201947,86.41414,42.70063,0.0,54,604.47,16.03,4
0041400101,1610612751,203486,88.73546,23.98901,0.0,54,604.47,16.03,4
0041400101,-1,-1,86.67677,42.00544,6.04635,55,604.43,15.99,4
0041400101,1610612737,2594,81.36854,38.58676,0.0,55,604.43,15.99,4
0041400101,1610612737,203118,86.32489,33.96503,0.0,55,604.43,15.99,4
0041400101,1610612737,203145,86.50422,12.51937,0.0,55,604.43,15.99,4
0041400101,1610612737,203471,80.64606,19.92998,0.0,55,604.43,15.99,4
0041400101,1610612737,203544,85.84298,23.38803,0.0,55,604.43,15.99,4
0041400101,1610612751,2207,85.79165,9.61613,0.0,55,604.43,15.99,4
0041400101,1610612751,101187,60.58996,28.26705,0.0,55,604.43,15.99,4
0041400101,1610612751,101127,85.71147,18.28319,0.0,55,604.43,15.99,4
0041400101,1610612751,201947,86.32747,42.65116,0.0,55,604.43,15.99,4
0041400101,1610612751,203486,88.88119,23.96694,0.0,55,604.43,15.99,4
0041400101,-1,-1,86.06839,41.99878,5.97051,56,604.39,15.95,4
0041400101,1610612737,2594,81.45395,38.78974,0.0,56,604.39,15.95,4
0041400101,1610612737,203118,86.40141,34.20113,0.0,56,604.39,15.95,4
0041400101,1610612737,203145,86.49878,12.65649,0.0,56,604.39,15.95,4
0041400101,1610612737,203471,80.52622,20.07807,0.0,56,604.39,15.95,4
0041400101,1610612737,203544,85.87289,23.49966,0.0,56,604.39,15.95,4
0041400101,1610612751,2207,85.62173,9.03717,0.0,56,604.39,15.95,4
0041400101,1610612751,101187,60.66999,28.20193,0.0,56,604.39,15.95,4
0041400101,1610612751,101127,85.87807,18.16342,0.0,56,604.39,15.95,4
0041400101,1610612751,201947,86.23664,42.5734,0.0,56,604.39,15.95,4
0041400101,1610612751,203486,89.0222,23.91028,0.0,56,604.39,15.95,4
0041400101,-1,-1,85.35624,41.97701,5.76285,57,604.35,15.91,4
0041400101,1610612737,2594,81.51929,38.96602,0.0,57,604.35,15.91,4
0041400101,1610612737,203118,86.52532,34.44711,0.0,57,604.35,15.91,4
0041400101,1610612737,203145,86.49949,12.79232,0.0,57,604.35,15.91,4
0041400101,1610612737,203471,80.36666,20.19276,0.0,57,604.35,15.91,4
0041400101,1610612737,203544,85.92395,23.55828,0.0,57,604.35,15.91,4
0041400101,1610612751,2207,85.44371,8.37765,0.0,57,604.35,15.91,4
0041400101,1610612751,101187,60.75829,28.13359,0.0,57,604.35,15.91,4
0041400101,1610612751,101127,86.04413,18.03528,0.0,57,604.35,15.91,4
0041400101,1610612751,201947,86.1293,42.51168,0.0,57,604.35,15.91,4
0041400101,1610612751,203486,89.15186,23.81904,0.0,57,604.35,15.91,4
0041400101,-1,-1,84.55116,41.93745,5.4531,58,604.3,15.87,4
0041400101,1610612737,2594,81.54538,39.12405,0.0,58,604.3,15.87,4
0041400101,1610612737,203118,86.67355,34.68019,0.0,58,604.3,15.87,4
0041400101,1610612737,203145,86.49267,12.9236,0.0,58,604.3,15.87,4
0041400101,1610612737,203471,80.17766,20.29065,0.0,58,604.3,15.87,4
0041400101,1610612737,203544,85.97478,23.69221,0.0,58,604.3,15.87,4
0041400101,1610612751,2207,85.25127,7.75652,0.0,58,604.3,15.87,4
0041400101,1610612751,101187,60.84251,28.06788,0.0,58,604.3,15.87,4
0041400101,1610612751,101127,86.20214,17.9097,0.0,58,604.3,15.87,4
0041400101,1610612751,201947,86.00982,42.45648,0.0,58,604.3,15.87,4
0041400101,1610612751,203486,89.29166,23.70808,0.0,58,604.3,15.87,4
0041400101,-1,-1,83.66402,41.87741,5.071,59,604.27,15.83,4
0041400101,1610612737,2594,81.52686,39.2608,0.0,59,604.27,15.83,4
0041400101,1610612737,203118,86.81219,34.89162,0.0,59,604.27,15.83,4
0041400101,1610612737,203145,86.48225,13.04763,0.0,59,604.27,15.83,4
0041400101,1610612737,203471,79.96635,20.44633,0.0,59,604.27,15.83,4
0041400101,1610612737,203544,86.04486,23.72447,0.0,59,604.27,15.83,4
0041400101,1610612751,2207,85.04161,7.07513,0.0,59,604.27,15.83,4
0041400101,1610612751,101187,60.92438,28.01807,0.0,59,604.27,15.83,4
0041400101,1610612751,101127,86.32969,17.71359,0.0,59,604.27,15.83,4
0041400101,1610612751,201947,85.87587,42.40165,0.0,59,604.27,15.83,4
0041400101,1610612751,203486,89.39897,23.5831,0.0,59,604.27,15.83,4
0041400101,-1,-1,82.70568,41.79421,4.6463,60,604.23,15.79,4
0041400101,1610612737,2594,81.49841,39.39295,0.0,60,604.23,15.79,4
0041400101,1610612737,203118,86.99051,35.12713,0.0,60,604.23,15.79,4
0041400101,1610612737,203145,86.46138,13.16367,0.0,60,604.23,15.79,4
0041400101,1610612737,203471,79.71767,20.61925,0.0,60,604.23,15.79,4
0041400101,1610612737,203544,86.11968,23.74615,0.0,60,604.23,15.79,4
0041400101,1610612751,2207,84.82322,6.37916,0.0,60,604.23,15.79,4
0041400101,1610612751,101187,61.00631,27.97506,0.0,60,604.23,15.79,4
0041400101,1610612751,101127,86.44036,17.51919,0.0,60,604.23,15.79,4
0041400101,1610612751,201947,85.71915,42.36221,0.0,60,604.23,15.79,4
0041400101,1610612751,203486,89.50544,23.44642,0.0,60,604.23,15.79,4
0041400101,-1,-1,81.687,41.68516,4.20874,61,604.19,15.75,4
0041400101,1610612737,2594,81.47187,39.49144,0.0,61,604.19,15.75,4
0041400101,1610612737,203118,87.15318,35.35255,0.0,61,604.19,15.75,4
0041400101,1610612737,203145,86.43575,13.26879,0.0,61,604.19,15.75,4
0041400101,1610612737,203471,79.42749,20.80517,0.0,61,604.19,15.75,4
0041400101,1610612737,203544,86.20351,23.76114,0.0,61,604.19,15.75,4
0041400101,1610612751,2207,84.59045,5.71943,0.0,61,604.19,15.75,4
0041400101,1610612751,101187,61.08397,27.93203,0.0,61,604.19,15.75,4
0041400101,1610612751,101127,86.56517,17.3621,0.0,61,604.19,15.75,4
0041400101,1610612751,201947,85.58633,42.2757,0.0,61,604.19,15.75,4
0041400101,1610612751,203486,89.59859,23.35153,0.0,61,604.19,15.75,4
0041400101,-1,-1,80.61884,41.54758,3.78807,62,604.15,15.71,4
0041400101,1610612737,2594,81.41284,39.57544,0.0,62,604.15,15.71,4
0041400101,1610612737,203118,87.2895,35.55895,0.0,62,604.15,15.71,4
0041400101,1610612737,203145,86.39172,13.36535,0.0,62,604.15,15.71,4
0041400101,1610612737,203471,79.09899,21.00576,0.0,62,604.15,15.71,4
0041400101,1610612737,203544,86.28354,23.7747,0.0,62,604.15,15.71,4
0041400101,1610612751,2207,84.34536,5.02817,0.0,62,604.15,15.71,4
0041400101,1610612751,101187,61.158,27.89207,0.0,62,604.15,15.71,4
0041400101,1610612751,101127,86.67732,17.2007,0.0,62,604.15,15.71,4
0041400101,1610612751,201947,85.43625,42.20018,0.0,62,604.15,15.71,4
0041400101,1610612751,203486,89.68011,23.23881,0.0,62,604.15,15.71,4
0041400101,-1,-1,79.32943,40.77987,3.31574,63,604.1,15.67,4
0041400101,1610612737,2594,81.3265,39.6403,0.0,63,604.1,15.67,4
0041400101,1610612737,203118,87.40047,35.75013,0.0,63,604.1,15.67,4
0041400101,1610612737,203145,86.33685,13.45216,0.0,63,604.1,15.67,4
0041400101,1610612737,203471,78.74425,21.21679,0.0,63,604.1,15.67,4
0041400101,1610612737,203544,86.37486,23.77481,0.0,63,604.1,15.67,4
0041400101,1610612751,2207,84.10952,4.40358,0.0,63,604.1,15.67,4
0041400101,1610612751,101187,61.22488,27.85125,0.0,63,604.1,15.67,4
0041400101,1610612751,101127,86.73163,17.0129,0.0,63,604.1,15.67,4
0041400101,1610612751,201947,85.29634,42.10014,0.0,63,604.1,15.67,4
0041400101,1610612751,203486,89.72688,23.05584,0.0,63,604.1,15.67,4
0041400101,-1,-1,77.993,40.03626,2.54547,64,604.06,15.63,4
0041400101,1610612737,2594,81.21447,39.69365,0.0,64,604.06,15.63,4
0041400101,1610612737,203118,87.48665,35.92651,0.0,64,604.06,15.63,4
0041400101,1610612737,203145,86.26646,13.52567,0.0,64,604.06,15.63,4
0041400101,1610612737,203471,78.3702,21.4281,0.0,64,604.06,15.63,4
0041400101,1610612737,203544,86.47346,23.76368,0.0,64,604.06,15.63,4
0041400101,1610612751,2207,83.86381,3.82754,0.0,64,604.06,15.63,4
0041400101,1610612751,101187,61.29145,27.81905,0.0,64,604.06,15.63,4
0041400101,1610612751,101127,86.77896,16.82343,0.0,64,604.06,15.63,4
0041400101,1610612751,201947,85.16587,42.05214,0.0,64,604.06,15.63,4
0041400101,1610612751,203486,89.78101,22.85421,0.0,64,604.06,15.63,4
0041400101,-1,-1,76.8694,39.01285,1.77845,65,604.02,15.59,4
0041400101,1610612737,2594,81.08343,39.71178,0.0,65,604.02,15.59,4
0041400101,1610612737,203118,87.54687,36.0823,0.0,65,604.02,15.59,4
0041400101,1610612737,203145,86.18917,13.59718,0.0,65,604.02,15.59,4
0041400101,1610612737,203471,77.97213,21.64027,0.0,65,604.02,15.59,4
0041400101,1610612737,203544,86.57366,23.74099,0.0,65,604.02,15.59,4
0041400101,1610612751,2207,83.62372,3.33825,0.0,65,604.02,15.59,4
0041400101,1610612751,101187,61.35334,27.79217,0.0,65,604.02,15.59,4
0041400101,1610612751,101127,86.83067,16.6429,0.0,65,604.02,15.59,4
0041400101,1610612751,201947,84.98368,42.04522,0.0,65,604.02,15.59,4
0041400101,1610612751,203486,89.84348,22.66891,0.0,65,604.02,15.59,4
0041400101,-1,-1,75.45571,38.19293,0.8394,66,603.98,15.55,4
0041400101,1610612737,2594,80.93154,39.69816,0.0,66,603.98,15.55,4
0041400101,1610612737,203118,87.58246,36.2247,0.0,66,603.98,15.55,4
0041400101,1610612737,203145,86.10724,13.66062,0.0,66,603.98,15.55,4
0041400101,1610612737,203471,77.5512,21.84555,0.0,66,603.98,15.55,4
0041400101,1610612737,203544,86.67578,23.70632,0.0,66,603.98,15.55,4
0041400101,1610612751,2207,83.38366,2.91898,0.0,66,603.98,15.55,4
0041400101,1610612751,101187,61.41418,27.76913,0.0,66,603.98,15.55,4
0041400101,1610612751,101127,86.89186,16.4718,0.0,66,603.98,15.55,4
0041400101,1610612751,201947,84.84086,41.99308,0.0,66,603.98,15.55,4
0041400101,1610612751,203486,89.91042,22.50311,0.0,66,603.98,15.55,4
0041400101,-1,-1,74.36085,37.27224,1.04887,67,603.94,15.51,4
0041400101,1610612737,2594,80.74764,39.6696,0.0,67,603.94,15.51,4
0041400101,1610612737,203118,87.60331,36.35657,0.0,67,603.94,15.51,4
0041400101,1610612737,203145,86.01663,13.72257,0.0,67,603.94,15.51,4
0041400101,1610612737,203471,77.11587,22.03226,0.0,67,603.94,15.51,4
0041400101,1610612737,203544,86.77966,23.66024,0.0,67,603.94,15.51,4
0041400101,1610612751,2207,83.13679,2.55352,0.0,67,603.94,15.51,4
0041400101,1610612751,101187,61.48129,27.7538,0.0,67,603.94,15.51,4
0041400101,1610612751,101127,86.95382,16.30236,0.0,67,603.94,15.51,4
0041400101,1610612751,201947,84.67959,41.93955,0.0,67,603.94,15.51,4
0041400101,1610612751,203486,89.96136,22.266,0.0,67,603.94,15.51,4
0041400101,-1,-1,73.83237,36.91051,1.52661,68,603.9,15.47,4
0041400101,1610612737,2594,80.54286,39.59667,0.0,68,603.9,15.47,4
0041400101,1610612737,203118,87.60556,36.47906,0.0,68,603.9,15.47,4
0041400101,1610612737,203145,85.9198,13.78129,0.0,68,603.9,15.47,4
0041400101,1610612737,203471,76.68359,22.24092,0.0,68,603.9,15.47,4
0041400101,1610612737,203544,86.88568,23.60268,0.0,68,603.9,15.47,4
0041400101,1610612751,2207,82.89428,2.27007,0.0,68,603.9,15.47,4
0041400101,1610612751,101187,61.55117,27.74484,0.0,68,603.9,15.47,4
0041400101,1610612751,101127,87.0186,16.14279,0.0,68,603.9,15.47,4
0041400101,1610612751,201947,84.51648,41.89104,0.0,68,603.9,15.47,4
0041400101,1610612751,203486,90.01399,22.03372,0.0,68,603.9,15.47,4
0041400101,-1,-1,72.91271,36.13438,2.44257,69,603.86,15.43,4
0041400101,1610612737,2594,80.3548,39.54683,0.0,69,603.86,15.43,4
0041400101,1610612737,203118,87.59436,36.5801,0.0,69,603.86,15.43,4
0041400101,1610612737,203145,85.82094,13.83787,0.0,69,603.86,15.43,4
0041400101,1610612737,203471,76.25665,22.44587,0.0,69,603.86,15.43,4
0041400101,1610612737,203544,86.99346,23.53331,0.0,69,603.86,15.43,4
0041400101,1610612751,2207,82.64459,2.09708,0.0,69,603.86,15.43,4
0041400101,1610612751,101187,61.62301,27.74012,0.0,69,603.86,15.43,4
0041400101,1610612751,101127,87.0805,15.98851,0.0,69,603.86,15.43,4
0041400101,1610612751,201947,84.33183,41.87635,0.0,69,603.86,15.43,4
0041400101,1610612751,203486,90.06405,21.79679,0.0,69,603.86,15.43,4
0041400101,-1,-1,72.37209,35.70895,2.92355,70,603.82,15.39,4
0041400101,1610612737,2594,80.17227,39.41729,0.0,70,603.82,15.39,4
0041400101,1610612737,203118,87.61024,36.70652,0.0,70,603.82,15.39,4
0041400101,1610612737,203145,85.72081,13.8994,0.0,70,603.82,15.39,4
0041400101,1610612737,203471,75.82036,22.65148,0.0,70,603.82,15.39,4
0041400101,1610612737,203544,87.09961,23.45451,0.0,70,603.82,15.39,4
0041400101,1610612751,2207,82.40485,1.99191,0.0,70,603.82,15.39,4
0041400101,1610612751,101187,61.69252,27.73012,0.0,70,603.82,15.39,4
0041400101,1610612751,101127,87.14576,15.83358,0.0,70,603.82,15.39,4
0041400101,1610612751,201947,84.13584,41.88072,0.0,70,603.82,15.39,4
0041400101,1610612751,203486,90.12084,21.55046,0.0,70,603.82,15.39,4
0041400101,-1,-1,71.87094,35.14324,3.26533,71,603.78,15.35,4
0041400101,1610612737,2594,79.96753,39.2893,0.0,71,603.78,15.35,4
0041400101,1610612737,203118,87.59862,36.80966,0.0,71,603.78,15.35,4
0041400101,1610612737,203145,85.6176,13.95763,0.0,71,603.78,15.35,4
0041400101,1610612737,203471,75.36182,22.85893,0.0,71,603.78,15.35,4
0041400101,1610612737,203544,87.22477,23.33183,0.0,71,603.78,15.35,4
0041400101,1610612751,2207,82.17506,1.95458,0.0,71,603.78,15.35,4
0041400101,1610612751,101187,61.75804,27.7325,0.0,71,603.78,15.35,4
0041400101,1610612751,101127,87.21023,15.67866,0.0,71,603.78,15.35,4
0041400101,1610612751,201947,83.91876,41.92365,0.0,71,603.78,15.35,4
0041400101,1610612751,203486,90.17391,21.30437,0.0,71,603.78,15.35,4
0041400101,-1,-1,70.99477,34.84478,3.9396,72,603.74,15.31,4
0041400101,1610612737,2594,79.7707,39.13966,0.0,72,603.74,15.31,4
0041400101,1610612737,203118,87.52218,36.88479,0.0,72,603.74,15.31,4
0041400101,1610612737,203145,85.51077,14.0064,0.0,72,603.74,15.31,4
0041400101,1610612737,203471,74.90866,23.0672,0.0,72,603.74,15.31,4
0041400101,1610612737,203544,87.33134,23.2425,0.0,72,603.74,15.31,4
0041400101,1610612751,2207,81.95523,1.98508,0.0,72,603.74,15.31,4
0041400101,1610612751,101187,61.81834,27.7364,0.0,72,603.74,15.31,4
0041400101,1610612751,101127,87.26221,15.5243,0.0,72,603.74,15.31,4
0041400101,1610612751,201947,83.69567,41.98165,0.0,72,603.74,15.31,4
0041400101,1610612751,203486,90.22564,21.04021,0.0,72,603.74,15.31,4
0041400101,-1,-1,70.44534,34.32619,4.08533,73,603.7,15.27,4
0041400101,1610612737,2594,79.54865,38.94329,0.0,73,603.7,15.27,4
0041400101,1610612737,203118,87.40845,36.93472,0.0,73,603.7,15.27,4
0041400101,1610612737,203145,85.40466,14.05218,0.0,73,603.7,15.27,4
0041400101,1610612737,203471,74.44482,23.2737,0.0,73,603.7,15.27,4
0041400101,1610612737,203544,87.46093,23.11503,0.0,73,603.7,15.27,4
0041400101,1610612751,2207,81.73984,1.96278,0.0,73,603.7,15.27,4
0041400101,1610612751,101187,61.87955,27.74829,0.0,73,603.7,15.27,4
0041400101,1610612751,101127,87.30812,15.37585,0.0,73,603.7,15.27,4
0041400101,1610612751,201947,83.47484,42.05457,0.0,73,603.7,15.27,4
0041400101,1610612751,203486,90.27605,20.77087,0.0,73,603.7,15.27,4
0041400101,-1,-1,69.59937,33.36968,4.89754,74,603.66,15.23,4
0041400101,1610612737,2594,79.36446,38.75755,0.0,74,603.66,15.23,4
0041400101,1610612737,203118,87.32488,36.99012,0.0,74,603.66,15.23,4
0041400101,1610612737,203145,85.30068,14.09598,0.0,74,603.66,15.23,4
0041400101,1610612737,203471,73.9693,23.47092,0.0,74,603.66,15.23,4
0041400101,1610612737,203544,87.56426,23.01702,0.0,74,603.66,15.23,4
0041400101,1610612751,2207,81.53795,1.98518,0.0,74,603.66,15.23,4
0041400101,1610612751,101187,61.95054,27.77093,0.0,74,603.66,15.23,4
0041400101,1610612751,101127,87.36798,15.27824,0.0,74,603.66,15.23,4
0041400101,1610612751,201947,83.26991,42.11597,0.0,74,603.66,15.23,4
0041400101,1610612751,203486,90.32483,20.48827,0.0,74,603.66,15.23,4
0041400101,-1,-1,69.11219,33.05054,5.27741,75,603.62,15.19,4
0041400101,1610612737,2594,79.11838,38.53092,0.0,75,603.62,15.19,4
0041400101,1610612737,203118,87.18072,36.9969,0.0,75,603.62,15.19,4
0041400101,1610612737,203145,85.19537,14.1369,0.0,75,603.62,15.19,4
0041400101,1610612737,203471,73.49058,23.66646,0.0,75,603.62,15.19,4
0041400101,1610612737,203544,87.65689,22.91234,0.0,75,603.62,15.19,4
0041400101,1610612751,2207,81.29692,1.99965,0.0,75,603.62,15.19,4
0041400101,1610612751,101187,62.02705,27.8047,0.0,75,603.62,15.19,4
0041400101,1610612751,101127,87.45529,15.15842,0.0,75,603.62,15.19,4
0041400101,1610612751,201947,83.0592,42.17101,0.0,75,603.62,15.19,4
0041400101,1610612751,203486,90.36232,20.2181,0.0,75,603.62,15.19,4
0041400101,-1,-1,68.4779,32.77555,5.27656,76,603.58,15.15,4
0041400101,1610612737,2594,78.88275,38.25508,0.0,76,603.58,15.15,4
0041400101,1610612737,203118,87.02698,36.98577,0.0,76,603.58,15.15,4
0041400101,1610612737,203145,85.09145,14.17361,0.0,76,603.58,15.15,4
0041400101,1610612737,203471,73.0117,23.85662,0.0,76,603.58,15.15,4
0041400101,1610612737,203544,87.74215,22.79089,0.0,76,603.58,15.15,4
0041400101,1610612751,2207,81.02946,1.95364,0.0,76,603.58,15.15,4
0041400101,1610612751,101187,62.11031,27.84368,0.0,76,603.58,15.15,4
0041400101,1610612751,101127,87.51829,15.00047,0.0,76,603.58,15.15,4
0041400101,1610612751,201947,82.84233,42.22582,0.0,76,603.58,15.15,4
0041400101,1610612751,203486,90.39273,19.95388,0.0,76,603.58,15.15,4
0041400101,-1,-1,67.68294,32.33053,5.21478,77,603.54,15.11,4
0041400101,1610612737,2594,78.64603,37.9561,0.0,77,603.54,15.11,4
0041400101,1610612737,203118,86.86754,36.97676,0.0,77,603.54,15.11,4
0041400101,1610612737,203145,84.99163,14.20613,0.0,77,603.54,15.11,4
0041400101,1610612737,203471,72.54149,24.04026,0.0,77,603.54,15.11,4
0041400101,1610612737,203544,87.8275,22.65042,0.0,77,603.54,15.11,4
0041400101,1610612751,2207,80.77643,1.93613,0.0,77,603.54,15.11,4
0041400101,1610612751,101187,62.19455,27.88175,0.0,77,603.54,15.11,4
0041400101,1610612751,101127,87.58939,14.81439,0.0,77,603.54,15.11,4
0041400101,1610612751,201947,82.61569,42.37409,0.0,77,603.54,15.11,4
0041400101,1610612751,203486,90.41803,19.69787,0.0,77,603.54,15.11,4
0041400101,-1,-1,67.12388,31.70626,5.55612,78,603.5,15.07,4
0041400101,1610612737,2594,78.41459,37.6335,0.0,78,603.5,15.07,4
0041400101,1610612737,203118,86.70807,36.96462,0.0,78,603.5,15.07,4
0041400101,1610612737,203145,84.89128,14.24266,0.0,78,603.5,15.07,4
0041400101,1610612737,203471,72.07692,24.20604,0.0,78,603.5,15.07,4
0041400101,1610612737,203544,87.90424,22.50129,0.0,78,603.5,15.07,4
0041400101,1610612751,2207,80.51992,1.92279,0.0,78,603.5,15.07,4
0041400101,1610612751,101187,62.2878,27.92096,0.0,78,603.5,15.07,4
0041400101,1610612751,101127,87.70588,14.6336,0.0,78,603.5,15.07,4
0041400101,1610612751,201947,82.39725,42.53019,0.0,78,603.5,15.07,4
0041400101,1610612751,203486,90.43848,19.44984,0.0,78,603.5,15.07,4
0041400101,-1,-1,66.48002,31.09584,5.62169,79,603.46,15.03,4
0041400101,1610612737,2594,78.181,37.27939,0.0,79,603.46,15.03,4
0041400101,1610612737,203118,86.54423,36.94547,0.0,79,603.46,15.03,4
0041400101,1610612737,203145,84.7902,14.28826,0.0,79,603.46,15.03,4
0041400101,1610612737,203471,71.61825,24.36129,0.0,79,603.46,15.03,4
0041400101,1610612737,203544,87.9732,22.34442,0.0,79,603.46,15.03,4
0041400101,1610612751,2207,80.27365,1.93441,0.0,79,603.46,15.03,4
0041400101,1610612751,101187,62.37848,27.94973,0.0,79,603.46,15.03,4
0041400101,1610612751,101127,87.8247,14.43571,0.0,79,603.46,15.03,4
0041400101,1610612751,201947,82.16048,42.68531,0.0,79,603.46,15.03,4
0041400101,1610612751,203486,90.45724,19.2018,0.0,79,603.46,15.03,4
0041400101,-1,-1,65.84487,30.71371,5.4043,80,603.42,14.99,4
0041400101,1610612737,2594,77.95054,36.91787,0.0,80,603.42,14.99,4
0041400101,1610612737,203118,86.37852,36.92785,0.0,80,603.42,14.99,4
0041400101,1610612737,203145,84.67383,14.30946,0.0,80,603.42,14.99,4
0041400101,1610612737,203471,71.17944,24.51126,0.0,80,603.42,14.99,4
0041400101,1610612737,203544,88.03272,22.18252,0.0,80,603.42,14.99,4
0041400101,1610612751,2207,80.0277,1.93341,0.0,80,603.42,14.99,4
0041400101,1610612751,101187,62.47085,27.9582,0.0,80,603.42,14.99,4
0041400101,1610612751,101127,87.92246,14.20273,0.0,80,603.42,14.99,4
0041400101,1610612751,201947,81.91337,42.83461,0.0,80,603.42,14.99,4
0041400101,1610612751,203486,90.47162,18.97418,0.0,80,603.42,14.99,4
0041400101,-1,-1,65.11013,29.93066,6.09004,81,603.38,14.95,4
0041400101,1610612737,2594,77.70519,36.54637,0.0,81,603.38,14.95,4
0041400101,1610612737,203118,86.21621,36.91267,0.0,81,603.38,14.95,4
0041400101,1610612737,203145,84.54143,14.32529,0.0,81,603.38,14.95,4
0041400101,1610612737,203471,70.77302,24.66081,0.0,81,603.38,14.95,4
0041400101,1610612737,203544,88.08134,22.02176,0.0,81,603.38,14.95,4
0041400101,1610612751,2207,79.78636,1.9422,0.0,81,603.38,14.95,4
0041400101,1610612751,101187,62.5556,27.95362,0.0,81,603.38,14.95,4
0041400101,1610612751,101127,87.99678,13.95183,0.0,81,603.38,14.95,4
0041400101,1610612751,201947,81.60155,43.10196,0.0,81,603.38,14.95,4
0041400101,1610612751,203486,90.47609,18.7523,0.0,81,603.38,14.95,4
0041400101,-1,-1,64.41526,29.55746,5.83123,82,603.34,14.91,4
0041400101,1610612737,2594,77.47621,36.15787,0.0,82,603.34,14.91,4
0041400101,1610612737,203118,86.05149,36.88877,0.0,82,603.34,14.91,4
0041400101,1610612737,203145,84.39257,14.32931,0.0,82,603.34,14.91,4
0041400101,1610612737,203471,70.36882,24.81627,0.0,82,603.34,14.91,4
0041400101,1610612737,203544,88.11704,21.85561,0.0,82,603.34,14.91,4
0041400101,1610612751,2207,79.54489,1.95648,0.0,82,603.34,14.91,4
0041400101,1610612751,101187,62.63333,27.9371,0.0,82,603.34,14.91,4
0041400101,1610612751,101127,88.06438,13.68637,0.0,82,603.34,14.91,4
0041400101,1610612751,201947,81.29998,43.37768,0.0,82,603.34,14.91,4
0041400101,1610612751,203486,90.47987,18.54146,0.0,82,603.34,14.91,4
0041400101,-1,-1,64.07035,29.26518,6.0839,83,603.3,14.87,4
0041400101,1610612737,2594,77.20706,35.75729,0.0,83,603.3,14.87,4
0041400101,1610612737,203118,85.87416,36.84921,0.0,83,603.3,14.87,4
0041400101,1610612737,203145,84.21987,14.29807,0.0,83,603.3,14.87,4
0041400101,1610612737,203471,69.99473,24.94858,0.0,83,603.3,14.87,4
0041400101,1610612737,203544,88.13605,21.68109,0.0,83,603.3,14.87,4
0041400101,1610612751,2207,79.30015,1.97099,0.0,83,603.3,14.87,4
0041400101,1610612751,101187,62.69991,27.90319,0.0,83,603.3,14.87,4
0041400101,1610612751,101127,88.11129,13.40582,0.0,83,603.3,14.87,4
0041400101,1610612751,201947,80.99899,43.6455,0.0,83,603.3,14.87,4
0041400101,1610612751,203486,90.4654,18.33202,0.0,83,603.3,14.87,4
0041400101,-1,-1,64.14585,29.11464,5.88817,84,603.26,14.83,4
0041400101,1610612737,2594,77.00352,35.3337,0.0,84,603.26,14.83,4
0041400101,1610612737,203118,85.68936,36.79941,0.0,84,603.26,14.83,4
0041400101,1610612737,203145,84.0315,14.24427,0.0,84,603.26,14.83,4
0041400101,1610612737,203471,69.63566,25.06158,0.0,84,603.26,14.83,4
0041400101,1610612737,203544,88.14409,21.50742,0.0,84,603.26,14.83,4
0041400101,1610612751,2207,79.0464,1.94931,0.0,84,603.26,14.83,4
0041400101,1610612751,101187,62.76728,27.8571,0.0,84,603.26,14.83,4
0041400101,1610612751,101127,88.14995,13.11294,0.0,84,603.26,14.83,4
0041400101,1610612751,201947,80.71881,43.81679,0.0,84,603.26,14.83,4
0041400101,1610612751,203486,90.44775,18.12616,0.0,84,603.26,14.83,4
0041400101,-1,-1,63.91353,28.92267,6.18524,85,603.22,14.79,4
0041400101,1610612737,2594,76.80046,34.88607,0.0,85,603.22,14.79,4
0041400101,1610612737,203118,85.50308,36.73748,0.0,85,603.22,14.79,4
0041400101,1610612737,203145,83.83737,14.17746,0.0,85,603.22,14.79,4
0041400101,1610612737,203471,69.29536,25.16216,0.0,85,603.22,14.79,4
0041400101,1610612737,203544,88.14479,21.33968,0.0,85,603.22,14.79,4
0041400101,1610612751,2207,78.78164,1.93736,0.0,85,603.22,14.79,4
0041400101,1610612751,101187,62.85171,27.76594,0.0,85,603.22,14.79,4
0041400101,1610612751,101127,88.17826,12.80523,0.0,85,603.22,14.79,4
0041400101,1610612751,201947,80.4318,43.98645,0.0,85,603.22,14.79,4
0041400101,1610612751,203486,90.41824,17.9274,0.0,85,603.22,14.79,4
0041400101,-1,-1,63.65607,28.48593,6.23646,86,603.18,14.75,4
0041400101,1610612737,2594,76.60366,34.41951,0.0,86,603.18,14.75,4
0041400101,1610612737,203118,85.31427,36.67583,0.0,86,603.18,14.75,4
0041400101,1610612737,203145,83.64346,14.10465,0.0,86,603.18,14.75,4
0041400101,1610612737,203471,68.95929,25.25642,0.0,86,603.18,14.75,4
0041400101,1610612737,203544,88.13937,21.17092,0.0,86,603.18,14.75,4
0041400101,1610612751,2207,78.51542,1.9378,0.0,86,603.18,14.75,4
0041400101,1610612751,101187,62.92707,27.67219,0.0,86,603.18,14.75,4
0041400101,1610612751,101127,88.20631,12.4789,0.0,86,603.18,14.75,4
0041400101,1610612751,201947,80.13994,44.14783,0.0,86,603.18,14.75,4
0041400101,1610612751,203486,90.38141,17.73348,0.0,86,603.18,14.75,4
0041400101,-1,-1,63.09333,28.11989,6.40295,87,603.14,14.71,4
0041400101,1610612737,2594,76.41572,33.91828,0.0,87,603.14,14.71,4
0041400101,1610612737,203118,85.13097,36.60106,0.0,87,603.14,14.71,4
0041400101,1610612737,203145,83.43941,14.02508,0.0,87,603.14,14.71,4
0041400101,1610612737,203471,68.65422,25.32921,0.0,87,603.14,14.71,4
0041400101,1610612737,203544,88.12728,21.00256,0.0,87,603.14,14.71,4
0041400101,1610612751,2207,78.23654,1.94175,0.0,87,603.14,14.71,4
0041400101,1610612751,101187,62.99958,27.57677,0.0,87,603.14,14.71,4
0041400101,1610612751,101127,88.24015,12.13313,0.0,87,603.14,14.71,4
0041400101,1610612751,201947,79.85634,44.28419,0.0,87,603.14,14.71,4
0041400101,1610612751,203486,90.34359,17.56533,0.0,87,603.14,14.71,4
0041400101,-1,-1,62.81089,27.94522,6.51523,88,603.1,14.67,4
0041400101,1610612737,2594,76.24979,33.42818,0.0,88,603.1,14.67,4
0041400101,1610612737,203118,84.94753,36.53293,0.0,88,603.1,14.67,4
0041400101,1610612737,203145,83.22078,13.93736,0.0,88,603.1,14.67,4
0041400101,1610612737,203471,68.34877,25.38192,0.0,88,603.1,14.67,4
0041400101,1610612737,203544,88.10622,20.83317,0.0,88,603.1,14.67,4
0041400101,1610612751,2207,77.94713,1.95027,0.0,88,603.1,14.67,4
0041400101,1610612751,101187,63.07537,27.47958,0.0,88,603.1,14.67,4
0041400101,1610612751,101127,88.27751,11.76117,0.0,88,603.1,14.67,4
0041400101,1610612751,201947,79.57465,44.41923,0.0,88,603.1,14.67,4
0041400101,1610612751,203486,90.29578,17.40384,0.0,88,603.1,14.67,4
0041400101,-1,-1,62.97164,27.50692,6.7504,89,603.06,14.63,4
0041400101,1610612737,2594,76.08567,32.88146,0.0,89,603.06,14.63,4
0041400101,1610612737,203118,84.76098,36.46149,0.0,89,603.06,14.63,4
0041400101,1610612737,203145,82.98733,13.838,0.0,89,603.06,14.63,4
0041400101,1610612737,203471,68.07219,25.43827,0.0,89,603.06,14.63,4
0041400101,1610612737,203544,88.08208,20.66766,0.0,89,603.06,14.63,4
0041400101,1610612751,2207,77.64764,1.9635,0.0,89,603.06,14.63,4
0041400101,1610612751,101187,63.14185,27.37841,0.0,89,603.06,14.63,4
0041400101,1610612751,101127,88.31869,11.37946,0.0,89,603.06,14.63,4
0041400101,1610612751,201947,79.27993,44.57522,0.0,89,603.06,14.63,4
0041400101,1610612751,203486,90.24807,17.27874,0.0,89,603.06,14.63,4
0041400101,-1,-1,63.44601,26.54819,7.28522,90,603.02,14.59,4
0041400101,1610612737,2594,75.9506,32.33773,0.0,90,603.02,14.59,4
0041400101,1610612737,203118,84.57162,36.38227,0.0,90,603.02,14.59,4
0041400101,1610612737,203145,82.75814,13.7324,0.0,90,603.02,14.59,4
0041400101,1610612737,203471,67.82687,25.47356,0.0,90,603.02,14.59,4
0041400101,1610612737,203544,88.05189,20.51056,0.0,90,603.02,14.59,4
0041400101,1610612751,2207,77.37109,1.989,0.0,90,603.02,14.59,4
0041400101,1610612751,101187,63.17712,27.26759,0.0,90,603.02,14.59,4
0041400101,1610612751,101127,88.33844,10.99405,0.0,90,603.02,14.59,4
0041400101,1610612751,201947,78.98323,44.7352,0.0,90,603.02,14.59,4
0041400101,1610612751,203486,90.19857,17.1373,0.0,90,603.02,14.59,4
0041400101,-1,-1,64.16481,25.03324,7.50131,91,602.98,14.55,4
0041400101,1610612737,2594,75.8043,31.80431,0.0,91,602.98,14.55,4
0041400101,1610612737,203118,84.38536,36.31019,0.0,91,602.98,14.55,4
0041400101,1610612737,203145,82.5141,13.61557,0.0,91,602.98,14.55,4
0041400101,1610612737,203471,67.61495,25.49149,0.0,91,602.98,14.55,4
0041400101,1610612737,203544,88.01875,20.35407,0.0,91,602.98,14.55,4
0041400101,1610612751,2207,77.12606,2.08289,0.0,91,602.98,14.55,4
0041400101,1610612751,101187,63.20845,27.16085,0.0,91,602.98,14.55,4
0041400101,1610612751,101127,88.35049,10.58709,0.0,91,602.98,14.55,4
0041400101,1610612751,201947,78.68538,44.90322,0.0,91,602.98,14.55,4
0041400101,1610612751,203486,90.1479,17.04042,0.0,91,602.98,14.55,4
0041400101,-1,-1,65.05086,23.20965,7.65237,92,602.94,14.51,4
0041400101,1610612737,2594,75.67535,31.25026,0.0,92,602.94,14.51,4
0041400101,1610612737,203118,84.20051,36.2387,0.0,92,602.94,14.51,4
0041400101,1610612737,203145,82.2557,13.48679,0.0,92,602.94,14.51,4
0041400101,1610612737,203471,67.42285,25.49426,0.0,92,602.94,14.51,4
0041400101,1610612737,203544,87.98375,20.20276,0.0,92,602.94,14.51,4
0041400101,1610612751,2207,76.85267,2.12081,0.0,92,602.94,14.51,4
0041400101,1610612751,101187,63.23729,27.09346,0.0,92,602.94,14.51,4
0041400101,1610612751,101127,88.36099,10.18677,0.0,92,602.94,14.51,4
0041400101,1610612751,201947,78.3839,44.99464,0.0,92,602.94,14.51,4
0041400101,1610612751,203486,90.09298,16.95838,0.0,92,602.94,14.51,4
0041400101,-1,-1,65.76847,21.52484,7.42681,93,602.9,14.47,4
0041400101,1610612737,2594,75.56503,30.67909,0.0,93,602.9,14.47,4
0041400101,1610612737,203118,84.01678,36.16291,0.0,93,602.9,14.47,4
0041400101,1610612737,203145,81.99152,13.33885,0.0,93,602.9,14.47,4
0041400101,1610612737,203471,67.24814,25.4889,0.0,93,602.9,14.47,4
0041400101,1610612737,203544,87.9513,20.05189,0.0,93,602.9,14.47,4
0041400101,1610612751,2207,76.56759,2.21911,0.0,93,602.9,14.47,4
0041400101,1610612751,101187,63.30294,26.99185,0.0,93,602.9,14.47,4
0041400101,1610612751,101127,88.36473,9.7827,0.0,93,602.9,14.47,4
0041400101,1610612751,201947,78.07668,45.09295,0.0,93,602.9,14.47,4
0041400101,1610612751,203486,90.03864,16.87138,0.0,93,602.9,14.47,4
0041400101,-1,-1,66.69687,19.82426,7.22211,94,602.86,14.43,4
0041400101,1610612737,2594,75.46932,30.10503,0.0,94,602.86,14.43,4
0041400101,1610612737,203118,83.83768,36.09137,0.0,94,602.86,14.43,4
0041400101,1610612737,203145,81.72785,13.16577,0.0,94,602.86,14.43,4
0041400101,1610612737,203471,67.09377,25.48671,0.0,94,602.86,14.43,4
0041400101,1610612737,203544,87.91856,19.90114,0.0,94,602.86,14.43,4
0041400101,1610612751,2207,76.28375,2.3213,0.0,94,602.86,14.43,4
0041400101,1610612751,101187,63.37001,26.90099,0.0,94,602.86,14.43,4
0041400101,1610612751,101127,88.37303,9.3744,0.0,94,602.86,14.43,4
0041400101,1610612751,201947,77.74578,45.24356,0.0,94,602.86,14.43,4
0041400101,1610612751,203486,89.97433,16.79708,0.0,94,602.86,14.43,4
0041400101,-1,-1,67.44502,18.05644,7.2906,95,602.82,14.39,4
0041400101,1610612737,2594,75.38719,29.50491,0.0,95,602.82,14.39,4
0041400101,1610612737,203118,83.66263,36.01687,0.0,95,602.82,14.39,4
0041400101,1610612737,203145,81.47146,12.98926,0.0,95,602.82,14.39,4
0041400101,1610612737,203471,66.95448,25.48229,0.0,95,602.82,14.39,4
0041400101,1610612737,203544,87.88392,19.76048,0.0,95,602.82,14.39,4
0041400101,1610612751,2207,75.99478,2.43872,0.0,95,602.82,14.39,4
0041400101,1610612751,101187,63.43463,26.82422,0.0,95,602.82,14.39,4
0041400101,1610612751,101127,88.38161,8.96631,0.0,95,602.82,14.39,4
0041400101,1610612751,201947,77.4694,45.3605,0.0,95,602.82,14.39,4
0041400101,1610612751,203486,89.89821,16.7058,0.0,95,602.82,14.39,4
0041400101,-1,-1,68.29351,16.298,7.16839,96,602.78,14.35,4
0041400101,1610612737,2594,75.3649,28.90868,0.0,96,602.78,14.35,4
0041400101,1610612737,203118,83.48317,35.93562,0.0,96,602.78,14.35,4
0041400101,1610612737,203145,81.23292,12.79105,0.0,96,602.78,14.35,4
0041400101,1610612737,203471,66.82867,25.48225,0.0,96,602.78,14.35,4
0041400101,1610612737,203544,87.85492,19.61327,0.0,96,602.78,14.35,4
0041400101,1610612751,2207,75.70844,2.5474,0.0,96,602.78,14.35,4
0041400101,1610612751,101187,63.50586,26.75819,0.0,96,602.78,14.35,4
0041400101,1610612751,101127,88.39514,8.56187,0.0,96,602.78,14.35,4
0041400101,1610612751,201947,77.22436,45.40036,0.0,96,602.78,14.35,4
0041400101,1610612751,203486,89.80961,16.65064,0.0,96,602.78,14.35,4
0041400101,-1,-1,69.13547,14.52469,6.71148,97,602.74,14.31,4
0041400101,1610612737,2594,75.33211,28.28409,0.0,97,602.74,14.31,4
0041400101,1610612737,203118,83.30972,35.84436,0.0,97,602.74,14.31,4
0041400101,1610612737,203145,81.00241,12.58219,0.0,97,602.74,14.31,4
0041400101,1610612737,203471,66.72709,25.48094,0.0,97,602.74,14.31,4
0041400101,1610612737,203544,87.83121,19.46513,0.0,97,602.74,14.31,4
0041400101,1610612751,2207,75.44792,2.68457,0.0,97,602.74,14.31,4
0041400101,1610612751,101187,63.57776,26.70643,0.0,97,602.74,14.31,4
0041400101,1610612751,101127,88.40944,8.1667,0.0,97,602.74,14.31,4
0041400101,1610612751,201947,76.98535,45.43558,0.0,97,602.74,14.31,4
0041400101,1610612751,203486,89.71753,16.61049,0.0,97,602.74,14.31,4
0041400101,-1,-1,69.87279,12.78087,6.43416,98,602.7,14.27,4
0041400101,1610612737,2594,75.37566,27.67173,0.0,98,602.7,14.27,4
0041400101,1610612737,203118,83.14461,35.75922,0.0,98,602.7,14.27,4
0041400101,1610612737,203145,80.79303,12.38402,0.0,98,602.7,14.27,4
0041400101,1610612737,203471,66.63619,25.48948,0.0,98,602.7,14.27,4
0041400101,1610612737,203544,87.81227,19.3158,0.0,98,602.7,14.27,4
0041400101,1610612751,2207,75.19818,2.80179,0.0,98,602.7,14.27,4
0041400101,1610612751,101187,63.64974,26.67757,0.0,98,602.7,14.27,4
0041400101,1610612751,101127,88.43052,7.76667,0.0,98,602.7,14.27,4
0041400101,1610612751,201947,76.7471,45.46602,0.0,98,602.7,14.27,4
0041400101,1610612751,203486,89.62676,16.56105,0.0,98,602.7,14.27,4
0041400101,-1,-1,70.67901,11.15112,6.2869,99,602.66,14.23,4
0041400101,1610612737,2594,75.37842,27.05058,0.0,99,602.66,14.23,4
0041400101,1610612737,203118,82.9914,35.67313,0.0,99,602.66,14.23,4
0041400101,1610612737,203145,80.59354,12.17104,0.0,99,602.66,14.23,4
0041400101,1610612737,203471,66.56158,25.51563,0.0,99,602.66,14.23,4
0041400101,1610612737,203544,87.79361,19.19048,0.0,99,602.66,14.23,4
0041400101,1610612751,2207,74.97266,2.86013,0.0,99,602.66,14.23,4
0041400101,1610612751,101187,63.7193,26.66424,0.0,99,602.66,14.23,4
0041400101,1610612751,101127,88.45647,7.37316,0.0,99,602.66,14.23,4
0041400101,1610612751,201947,76.49499,45.56393,0.0,99,602.66,14.23,4
0041400101,1610612751,203486,89.51902,16.53645,0.0,99,602.66,14.23,4
0041400101,-1,-1,71.42914,9.51628,5.89025,100,602.62,14.19,4
0041400101,1610612737,2594,75.39984,26.42395,0.0,100,602.62,14.19,4
0041400101,1610612737,203118,82.84776,35.57651,0.0,100,602.62,14.19,4
0041400101,1610612737,203145,80.37963,11.93573,0.0,100,602.62,14.19,4
0041400101,1610612737,203471,66.49887,25.54414,0.0,100,602.62,14.19,4
0041400101,1610612737,203544,87.78352,19.05776,0.0,100,602.62,14.19,4
0041400101,1610612751,2207,74.75442,2.89804,0.0,100,602.62,14.19,4
0041400101,1610612751,101187,63.77451,26.71441,0.0,100,602.62,14.19,4
0041400101,1610612751,101127,88.48204,6.98838,0.0,100,602.62,14.19,4
0041400101,1610612751,201947,76.25647,45.59457,0.0,100,602.62,14.19,4
0041400101,1610612751,203486,89.41125,16.50573,0.0,100,602.62,14.19,4
0041400101,-1,-1,72.23375,8.0409,5.07774,101,602.58,14.15,4
0041400101,1610612737,2594,75.44636,25.78342,0.0,101,602.58,14.15,4
0041400101,1610612737,203118,82.71393,35.47449,0.0,101,602.58,14.15,4
0041400101,1610612737,203145,80.18903,11.63539,0.0,101,602.58,14.15,4
0041400101,1610612737,203471,66.47232,25.58021,0.0,101,602.58,14.15,4
0041400101,1610612737,203544,87.7582,18.94849,0.0,101,602.58,14.15,4
0041400101,1610612751,2207,74.4954,2.89472,0.0,101,602.58,14.15,4
0041400101,1610612751,101187,63.84074,26.76572,0.0,101,602.58,14.15,4
0041400101,1610612751,101127,88.5027,6.61529,0.0,101,602.58,14.15,4
0041400101,1610612751,201947,76.03466,45.57116,0.0,101,602.58,14.15,4
0041400101,1610612751,203486,89.32845,16.44645,0.0,101,602.58,14.15,4
0041400101,-1,-1,73.01853,6.20723,5.0464,102,602.54,14.11,4
0041400101,1610612737,2594,75.50327,25.17069,0.0,102,602.54,14.11,4
0041400101,1610612737,203118,82.59279,35.36868,0.0,102,602.54,14.11,4
0041400101,1610612737,203145,80.00346,11.3315,0.0,102,602.54,14.11,4
0041400101,1610612737,203471,66.44225,25.63406,0.0,102,602.54,14.11,4
0041400101,1610612737,203544,87.72279,18.81916,0.0,102,602.54,14.11,4
0041400101,1610612751,2207,74.28389,2.91809,0.0,102,602.54,14.11,4
0041400101,1610612751,101187,63.90915,26.83423,0.0,102,602.54,14.11,4
0041400101,1610612751,101127,88.52012,6.24762,0.0,102,602.54,14.11,4
0041400101,1610612751,201947,75.81277,45.55131,0.0,102,602.54,14.11,4
0041400101,1610612751,203486,89.21617,16.43006,0.0,102,602.54,14.11,4
0041400101,-1,-1,73.78452,4.54619,4.66161,103,602.5,14.07,4
0041400101,1610612737,2594,75.59397,24.56386,0.0,103,602.5,14.07,4
0041400101,1610612737,203118,82.48762,35.25815,0.0,103,602.5,14.07,4
0041400101,1610612737,203145,79.79665,11.04383,0.0,103,602.5,14.07,4
0041400101,1610612737,203471,66.44122,25.70066,0.0,103,602.5,14.07,4
0041400101,1610612737,203544,87.68453,18.69061,0.0,103,602.5,14.07,4
0041400101,1610612751,2207,74.0674,2.9362,0.0,103,602.5,14.07,4
0041400101,1610612751,101187,63.96884,26.91528,0.0,103,602.5,14.07,4
0041400101,1610612751,101127,88.53919,5.89395,0.0,103,602.5,14.07,4
0041400101,1610612751,201947,75.57977,45.56673,0.0,103,602.5,14.07,4
0041400101,1610612751,203486,89.10616,16.42167,0.0,103,602.5,14.07,4
0041400101,-1,-1,73.96173,4.34284,4.63404,104,602.46,14.03,4
0041400101,1610612737,2594,75.70608,23.95622,0.0,104,602.46,14.03,4
0041400101,1610612737,203118,82.3965,35.15179,0.0,104,602.46,14.03,4
0041400101,1610612737,203145,79.64234,10.68688,0.0,104,602.46,14.03,4
0041400101,1610612737,203471,66.44622,25.76055,0.0,104,602.46,14.03,4
0041400101,1610612737,203544,87.67601,18.56329,0.0,104,602.46,14.03,4
0041400101,1610612751,2207,73.85459,2.96056,0.0,104,602.46,14.03,4
0041400101,1610612751,101187,64.02738,27.01208,0.0,104,602.46,14.03,4
0041400101,1610612751,101127,88.55834,5.54971,0.0,104,602.46,14.03,4
0041400101,1610612751,201947,75.35305,45.57483,0.0,104,602.46,14.03,4
0041400101,1610612751,203486,88.94677,16.40331,0.0,104,602.46,14.03,4
0041400101,-1,-1,74.03187,3.99004,4.29639,105,602.42,13.99,4
0041400101,1610612737,2594,75.84267,23.3455,0.0,105,602.42,13.99,4
0041400101,1610612737,203118,82.32047,35.03975,0.0,105,602.42,13.99,4
0041400101,1610612737,203145,79.49021,10.32254,0.0,105,602.42,13.99,4
0041400101,1610612737,203471,66.45788,25.83284,0.0,105,602.42,13.99,4
0041400101,1610612737,203544,87.66899,18.43156,0.0,105,602.42,13.99,4
0041400101,1610612751,2207,73.65762,2.98414,0.0,105,602.42,13.99,4
0041400101,1610612751,101187,64.1105,27.12272,0.0,105,602.42,13.99,4
0041400101,1610612751,101127,88.5698,5.22139,0.0,105,602.42,13.99,4
0041400101,1610612751,201947,75.13824,45.57106,0.0,105,602.42,13.99,4
0041400101,1610612751,203486,88.78613,16.40319,0.0,105,602.42,13.99,4
0041400101,-1,-1,74.06696,3.86764,4.39084,106,602.38,13.95,4
0041400101,1610612737,2594,76.02408,22.71931,0.0,106,602.38,13.95,4
0041400101,1610612737,203118,82.25468,34.92008,0.0,106,602.38,13.95,4
0041400101,1610612737,203145,79.34711,9.95376,0.0,106,602.38,13.95,4
0041400101,1610612737,203471,66.46897,25.9048,0.0,106,602.38,13.95,4
0041400101,1610612737,203544,87.61315,18.30896,0.0,106,602.38,13.95,4
0041400101,1610612751,2207,73.46631,2.95492,0.0,106,602.38,13.95,4
0041400101,1610612751,101187,64.19,27.22823,0.0,106,602.38,13.95,4
0041400101,1610612751,101127,88.56951,4.91437,0.0,106,602.38,13.95,4
0041400101,1610612751,201947,74.9375,45.5569,0.0,106,602.38,13.95,4
0041400101,1610612751,203486,88.66639,16.3702,0.0,106,602.38,13.95,4
0041400101,-1,-1,74.30848,4.03415,4.63968,107,602.34,13.91,4
0041400101,1610612737,2594,76.23235,22.08935,0.0,107,602.34,13.91,4
0041400101,1610612737,203118,82.20873,34.78147,0.0,107,602.34,13.91,4
0041400101,1610612737,203145,79.21803,9.56031,0.0,107,602.34,13.91,4
0041400101,1610612737,203471,66.49123,25.98148,0.0,107,602.34,13.91,4
0041400101,1610612737,203544,87.59366,18.14686,0.0,107,602.34,13.91,4
0041400101,1610612751,2207,73.28917,2.97052,0.0,107,602.34,13.91,4
0041400101,1610612751,101187,64.27319,27.30343,0.0,107,602.34,13.91,4
0041400101,1610612751,101127,88.57177,4.62231,0.0,107,602.34,13.91,4
0041400101,1610612751,201947,74.74863,45.52916,0.0,107,602.34,13.91,4
0041400101,1610612751,203486,88.52125,16.36805,0.0,107,602.34,13.91,4
0041400101,-1,-1,74.83306,4.20067,4.87947,108,602.3,13.87,4
0041400101,1610612737,2594,76.46306,21.46166,0.0,108,602.3,13.87,4
0041400101,1610612737,203118,82.17465,34.63258,0.0,108,602.3,13.87,4
0041400101,1610612737,203145,79.09151,9.15439,0.0,108,602.3,13.87,4
0041400101,1610612737,203471,66.52989,26.06187,0.0,108,602.3,13.87,4
0041400101,1610612737,203544,87.54833,18.0426,0.0,108,602.3,13.87,4
0041400101,1610612751,2207,73.12869,2.93251,0.0,108,602.3,13.87,4
0041400101,1610612751,101187,64.30685,27.42163,0.0,108,602.3,13.87,4
0041400101,1610612751,101127,88.57441,4.3467,0.0,108,602.3,13.87,4
0041400101,1610612751,201947,74.56874,45.48584,0.0,108,602.3,13.87,4
0041400101,1610612751,203486,88.35371,16.42831,0.0,108,602.3,13.87,4
0041400101,-1,-1,76.0963,4.07689,4.9574,109,602.26,13.83,4
0041400101,1610612737,2594,76.72597,20.83367,0.0,109,602.26,13.83,4
0041400101,1610612737,203118,82.15268,34.46937,0.0,109,602.26,13.83,4
0041400101,1610612737,203145,78.95293,8.73586,0.0,109,602.26,13.83,4
0041400101,1610612737,203471,66.58106,26.14498,0.0,109,602.26,13.83,4
0041400101,1610612737,203544,87.49527,17.94486,0.0,109,602.26,13.83,4
0041400101,1610612751,2207,72.96386,2.88135,0.0,109,602.26,13.83,4
0041400101,1610612751,101187,64.33809,27.54114,0.0,109,602.26,13.83,4
0041400101,1610612751,101127,88.56847,4.0866,0.0,109,602.26,13.83,4
0041400101,1610612751,201947,74.41263,45.4265,0.0,109,602.26,13.83,4
0041400101,1610612751,203486,88.18991,16.49124,0.0,109,602.26,13.83,4
0041400101,-1,-1,77.40752,3.90505,4.89132,110,602.22,13.79,4
0041400101,1610612737,2594,77.02366,20.22081,0.0,110,602.22,13.79,4
0041400101,1610612737,203118,82.14309,34.29777,0.0,110,602.22,13.79,4
0041400101,1610612737,203145,78.82881,8.29828,0.0,110,602.22,13.79,4
0041400101,1610612737,203471,66.64377,26.21917,0.0,110,602.22,13.79,4
0041400101,1610612737,203544,87.44251,17.86037,0.0,110,602.22,13.79,4
0041400101,1610612751,2207,72.80473,2.82354,0.0,110,602.22,13.79,4
0041400101,1610612751,101187,64.36674,27.66968,0.0,110,602.22,13.79,4
0041400101,1610612751,101127,88.56968,3.84213,0.0,110,602.22,13.79,4
0041400101,1610612751,201947,74.26905,45.34889,0.0,110,602.22,13.79,4
0041400101,1610612751,203486,87.99425,16.50269,0.0,110,602.22,13.79,4
0041400101,-1,-1,78.56294,3.73064,4.74044,111,602.18,13.75,4
0041400101,1610612737,2594,77.32571,19.60445,0.0,111,602.18,13.75,4
0041400101,1610612737,203118,82.14577,34.09731,0.0,111,602.18,13.75,4
0041400101,1610612737,203145,78.70212,7.84705,0.0,111,602.18,13.75,4
0041400101,1610612737,203471,66.71349,26.28822,0.0,111,602.18,13.75,4
0041400101,1610612737,203544,87.36179,17.70993,0.0,111,602.18,13.75,4
0041400101,1610612751,2207,72.62584,2.76758,0.0,111,602.18,13.75,4
0041400101,1610612751,101187,64.42933,27.84144,0.0,111,602.18,13.75,4
0041400101,1610612751,101127,88.57061,3.61117,0.0,111,602.18,13.75,4
0041400101,1610612751,201947,74.12852,45.26964,0.0,111,602.18,13.75,4
0041400101,1610612751,203486,87.82707,16.50041,0.0,111,602.18,13.75,4
0041400101,-1,-1,79.98235,3.59708,4.73386,112,602.14,13.71,4
0041400101,1610612737,2594,77.67575,19.01746,0.0,112,602.14,13.71,4
0041400101,1610612737,203118,82.15893,33.89502,0.0,112,602.14,13.71,4
0041400101,1610612737,203145,78.56724,7.38087,0.0,112,602.14,13.71,4
0041400101,1610612737,203471,66.79269,26.34517,0.0,112,602.14,13.71,4
0041400101,1610612737,203544,87.28173,17.62898,0.0,112,602.14,13.71,4
0041400101,1610612751,2207,72.4261,2.70072,0.0,112,602.14,13.71,4
0041400101,1610612751,101187,64.42604,28.02946,0.0,112,602.14,13.71,4
0041400101,1610612751,101127,88.54516,3.41084,0.0,112,602.14,13.71,4
0041400101,1610612751,201947,74.00517,45.11401,0.0,112,602.14,13.71,4
0041400101,1610612751,203486,87.73692,16.45992,0.0,112,602.14,13.71,4
0041400101,-1,-1,81.42527,3.46236,4.72716,113,602.1,13.67,4
0041400101,1610612737,2594,78.03378,18.40411,0.0,113,602.1,13.67,4
0041400101,1610612737,203118,82.19207,33.69009,0.0,113,602.1,13.67,4
0041400101,1610612737,203145,78.44042,6.93236,0.0,113,602.1,13.67,4
0041400101,1610612737,203471,66.883,26.39371,0.0,113,602.1,13.67,4
0041400101,1610612737,203544,87.2344,17.59127,0.0,113,602.1,13.67,4
0041400101,1610612751,2207,72.20655,2.65391,0.0,113,602.1,13.67,4
0041400101,1610612751,101187,64.41832,28.21427,0.0,113,602.1,13.67,4
0041400101,1610612751,101127,88.53528,3.23282,0.0,113,602.1,13.67,4
0041400101,1610612751,201947,73.88848,44.95546,0.0,113,602.1,13.67,4
0041400101,1610612751,203486,87.66874,16.44615,0.0,113,602.1,13.67,4
0041400101,-1,-1,82.65321,3.28251,4.50827,114,602.06,13.63,4
0041400101,1610612737,2594,78.43086,17.7989,0.0,114,602.06,13.63,4
0041400101,1610612737,203118,82.23592,33.47988,0.0,114,602.06,13.63,4
0041400101,1610612737,203145,78.31815,6.50345,0.0,114,602.06,13.63,4
0041400101,1610612737,203471,66.97374,26.43945,0.0,114,602.06,13.63,4
0041400101,1610612737,203544,87.20542,17.53502,0.0,114,602.06,13.63,4
0041400101,1610612751,2207,71.98475,2.67292,0.0,114,602.06,13.63,4
0041400101,1610612751,101187,64.40418,28.36927,0.0,114,602.06,13.63,4
0041400101,1610612751,101127,88.53816,3.06675,0.0,114,602.06,13.63,4
0041400101,1610612751,201947,73.78896,44.78684,0.0,114,602.06,13.63,4
0041400101,1610612751,203486,87.58795,16.37398,0.0,114,602.06,13.63,4
0041400101,-1,-1,84.03091,3.0319,4.32826,115,602.02,13.59,4
0041400101,1610612737,2594,78.87249,17.20525,0.0,115,602.02,13.59,4
0041400101,1610612737,203118,82.29443,33.26088,0.0,115,602.02,13.59,4
0041400101,1610612737,203145,78.21183,6.0741,0.0,115,602.02,13.59,4
0041400101,1610612737,203471,67.07291,26.48108,0.0,115,602.02,13.59,4
0041400101,1610612737,203544,87.1719,17.49121,0.0,115,602.02,13.59,4
0041400101,1610612751,2207,71.76135,2.7285,0.0,115,602.02,13.59,4
0041400101,1610612751,101187,64.3813,28.52682,0.0,115,602.02,13.59,4
0041400101,1610612751,101127,88.5571,2.91182,0.0,115,602.02,13.59,4
0041400101,1610612751,201947,73.68573,44.72192,0.0,115,602.02,13.59,4
0041400101,1610612751,203486,87.48753,16.27999,0.0,115,602.02,13.59,4
0041400101,-1,-1,85.2919,2.87605,4.17809,116,601.98,13.55,4
0041400101,1610612737,2594,79.31769,16.62885,0.0,116,601.98,13.55,4
0041400101,1610612737,203118,82.36583,33.04105,0.0,116,601.98,13.55,4
0041400101,1610612737,203145,78.07682,5.69505,0.0,116,601.98,13.55,4
0041400101,1610612737,203471,67.17048,26.52611,0.0,116,601.98,13.55,4
0041400101,1610612737,203544,87.15465,17.43591,0.0,116,601.98,13.55,4
0041400101,1610612751,2207,71.56493,2.8141,0.0,116,601.98,13.55,4
0041400101,1610612751,101187,64.35475,28.68892,0.0,116,601.98,13.55,4
0041400101,1610612751,101127,88.5879,2.76637,0.0,116,601.98,13.55,4
0041400101,1610612751,201947,73.6146,44.68131,0.0,116,601.98,13.55,4
0041400101,1610612751,203486,87.38339,16.24169,0.0,116,601.98,13.55,4
0041400101,-1,-1,86.17274,2.93312,4.065,117,601.94,13.51,4
0041400101,1610612737,2594,79.77297,16.04365,0.0,117,601.94,13.51,4
0041400101,1610612737,203118,82.4433,32.82123,0.0,117,601.94,13.51,4
0041400101,1610612737,203145,77.95334,5.30799,0.0,117,601.94,13.51,4
0041400101,1610612737,203471,67.27616,26.56803,0.0,117,601.94,13.51,4
0041400101,1610612737,203544,87.14265,17.41237,0.0,117,601.94,13.51,4
0041400101,1610612751,2207,71.34633,2.90143,0.0,117,601.94,13.51,4
0041400101,1610612751,101187,64.31872,28.84911,0.0,117,601.94,13.51,4
0041400101,1610612751,101127,88.62142,2.65353,0.0,117,601.94,13.51,4
0041400101,1610612751,201947,73.5731,44.57393,0.0,117,601.94,13.51,4
0041400101,1610612751,203486,87.31239,16.15346,0.0,117,601.94,13.51,4
0041400101,-1,-1,86.83424,3.00289,3.92977,118,601.9,13.47,4
0041400101,1610612737,2594,80.20517,15.42868,0.0,118,601.9,13.47,4
0041400101,1610612737,203118,82.52651,32.58673,0.0,118,601.9,13.47,4
0041400101,1610612737,203145,77.86608,4.90365,0.0,118,601.9,13.47,4
0041400101,1610612737,203471,67.38805,26.61556,0.0,118,601.9,13.47,4
0041400101,1610612737,203544,87.13207,17.40034,0.0,118,601.9,13.47,4
0041400101,1610612751,2207,71.13489,2.99704,0.0,118,601.9,13.47,4
0041400101,1610612751,101187,64.28375,29.00912,0.0,118,601.9,13.47,4
0041400101,1610612751,101127,88.65826,2.55097,0.0,118,601.9,13.47,4
0041400101,1610612751,201947,73.51258,44.43563,0.0,118,601.9,13.47,4
0041400101,1610612751,203486,87.22696,16.10075,0.0,118,601.9,13.47,4
0041400101,-1,-1,87.30696,3.08665,3.77044,119,601.86,13.43,4
0041400101,1610612737,2594,80.635,14.81373,0.0,119,601.86,13.43,4
0041400101,1610612737,203118,82.60135,32.34959,0.0,119,601.86,13.43,4
0041400101,1610612737,203145,77.74069,4.56351,0.0,119,601.86,13.43,4
0041400101,1610612737,203471,67.50489,26.66084,0.0,119,601.86,13.43,4
0041400101,1610612737,203544,87.08796,17.39464,0.0,119,601.86,13.43,4
0041400101,1610612751,2207,70.92595,3.09049,0.0,119,601.86,13.43,4
0041400101,1610612751,101187,64.25569,29.16539,0.0,119,601.86,13.43,4
0041400101,1610612751,101127,88.68714,2.49439,0.0,119,601.86,13.43,4
0041400101,1610612751,201947,73.45585,44.29136,0.0,119,601.86,13.43,4
0041400101,1610612751,203486,87.1938,16.03926,0.0,119,601.86,13.43,4
0041400101,-1,-1,87.62152,3.18564,3.58507,120,601.82,13.39,4
0041400101,1610612737,2594,81.07548,14.22102,0.0,120,601.82,13.39,4
0041400101,1610612737,203118,82.68406,32.10617,0.0,120,601.82,13.39,4
0041400101,1610612737,203145,77.6366,4.23669,0.0,120,601.82,13.39,4
0041400101,1610612737,203471,67.61656,26.74694,0.0,120,601.82,13.39,4
0041400101,1610612737,203544,87.04622,17.39368,0.0,120,601.82,13.39,4
0041400101,1610612751,2207,70.71018,3.18946,0.0,120,601.82,13.39,4
0041400101,1610612751,101187,64.21614,29.32247,0.0,120,601.82,13.39,4
0041400101,1610612751,101127,88.72698,2.4734,0.0,120,601.82,13.39,4
0041400101,1610612751,201947,73.4078,44.14668,0.0,120,601.82,13.39,4
0041400101,1610612751,203486,87.16809,15.98311,0.0,120,601.82,13.39,4
0041400101,-1,-1,87.73095,3.2075,3.4495,121,601.78,13.35,4
0041400101,1610612737,2594,81.53549,13.67491,0.0,121,601.78,13.35,4
0041400101,1610612737,203118,82.77448,31.85085,0.0,121,601.78,13.35,4
0041400101,1610612737,203145,77.5396,3.91307,0.0,121,601.78,13.35,4
0041400101,1610612737,203471,67.73074,26.85736,0.0,121,601.78,13.35,4
0041400101,1610612737,203544,87.05591,17.39572,0.0,121,601.78,13.35,4
0041400101,1610612751,2207,70.47244,3.28669,0.0,121,601.78,13.35,4
0041400101,1610612751,101187,64.17745,29.49236,0.0,121,601.78,13.35,4
0041400101,1610612751,101127,88.78701,2.46567,0.0,121,601.78,13.35,4
0041400101,1610612751,201947,73.3728,44.00291,0.0,121,601.78,13.35,4
0041400101,1610612751,203486,87.10174,15.94753,0.0,121,601.78,13.35,4
0041400101,-1,-1,87.83181,3.22728,3.31504,122,601.74,13.31,4
0041400101,1610612737,2594,81.9859,13.13794,0.0,122,601.74,13.31,4
0041400101,1610612737,203118,82.86855,31.59222,0.0,122,601.74,13.31,4
0041400101,1610612737,203145,77.44717,3.6154,0.0,122,601.74,13.31,4
0041400101,1610612737,203471,67.84272,26.96151,0.0,122,601.74,13.31,4
0041400101,1610612737,203544,87.03307,17.4448,0.0,122,601.74,13.31,4
0041400101,1610612751,2207,70.22598,3.39276,0.0,122,601.74,13.31,4
0041400101,1610612751,101187,64.13236,29.66323,0.0,122,601.74,13.31,4
0041400101,1610612751,101127,88.83343,2.46237,0.0,122,601.74,13.31,4
0041400101,1610612751,201947,73.35143,43.8619,0.0,122,601.74,13.31,4
0041400101,1610612751,203486,87.06418,15.8824,0.0,122,601.74,13.31,4
0041400101,-1,-1,87.92431,3.24509,3.18273,123,601.7,13.27,4
0041400101,1610612737,2594,82.42992,12.61445,0.0,123,601.7,13.27,4
0041400101,1610612737,203118,82.97084,31.32479,0.0,123,601.7,13.27,4
0041400101,1610612737,203145,77.36275,3.3322,0.0,123,601.7,13.27,4
0041400101,1610612737,203471,67.9747,27.05542,0.0,123,601.7,13.27,4
0041400101,1610612737,203544,87.03654,17.44881,0.0,123,601.7,13.27,4
0041400101,1610612751,2207,69.97726,3.50276,0.0,123,601.7,13.27,4
0041400101,1610612751,101187,64.09878,29.83388,0.0,123,601.7,13.27,4
0041400101,1610612751,101127,88.87582,2.44901,0.0,123,601.7,13.27,4
0041400101,1610612751,201947,73.34025,43.7186,0.0,123,601.7,13.27,4
0041400101,1610612751,203486,87.05002,15.76566,0.0,123,601.7,13.27,4
0041400101,-1,-1,88.00864,3.26101,3.05359,124,601.66,13.23,4
0041400101,1610612737,2594,82.8626,12.10217,0.0,124,601.66,13.23,4
0041400101,1610612737,203118,83.08268,31.05502,0.0,124,601.66,13.23,4
0041400101,1610612737,203145,77.30947,3.06265,0.0,124,601.66,13.23,4
0041400101,1610612737,203471,68.10271,27.14533,0.0,124,601.66,13.23,4
0041400101,1610612737,203544,87.04532,17.45725,0.0,124,601.66,13.23,4
0041400101,1610612751,2207,69.7305,3.63341,0.0,124,601.66,13.23,4
0041400101,1610612751,101187,64.06739,30.01151,0.0,124,601.66,13.23,4
0041400101,1610612751,101127,88.91097,2.44428,0.0,124,601.66,13.23,4
0041400101,1610612751,201947,73.35753,43.52131,0.0,124,601.66,13.23,4
0041400101,1610612751,203486,87.03733,15.65736,0.0,124,601.66,13.23,4
0041400101,-1,-1,88.08503,3.27513,2.92867,125,601.62,13.19,4
0041400101,1610612737,2594,83.27292,11.61336,0.0,125,601.62,13.19,4
0041400101,1610612737,203118,83.20584,30.77446,0.0,125,601.62,13.19,4
0041400101,1610612737,203145,77.26271,2.83903,0.0,125,601.62,13.19,4
0041400101,1610612737,203471,68.23392,27.24823,0.0,125,601.62,13.19,4
0041400101,1610612737,203544,87.05251,17.45702,0.0,125,601.62,13.19,4
0041400101,1610612751,2207,69.48712,3.7611,0.0,125,601.62,13.19,4
0041400101,1610612751,101187,64.03419,30.19644,0.0,125,601.62,13.19,4
0041400101,1610612751,101127,88.93904,2.45665,0.0,125,601.62,13.19,4
0041400101,1610612751,201947,73.38047,43.31597,0.0,125,601.62,13.19,4
0041400101,1610612751,203486,87.06665,15.62777,0.0,125,601.62,13.19,4
0041400101,-1,-1,88.15368,3.28755,2.80898,126,601.57,13.15,4
0041400101,1610612737,2594,83.66237,11.12855,0.0,126,601.57,13.15,4
0041400101,1610612737,203118,83.35884,30.46563,0.0,126,601.57,13.15,4
0041400101,1610612737,203145,77.22289,2.65653,0.0,126,601.57,13.15,4
0041400101,1610612737,203471,68.34012,27.37226,0.0,126,601.57,13.15,4
0041400101,1610612737,203544,87.08414,17.53917,0.0,126,601.57,13.15,4
0041400101,1610612751,2207,69.25711,3.89392,0.0,126,601.57,13.15,4
0041400101,1610612751,101187,63.96372,30.34328,0.0,126,601.57,13.15,4
0041400101,1610612751,101127,88.94792,2.48932,0.0,126,601.57,13.15,4
0041400101,1610612751,201947,73.41266,43.1047,0.0,126,601.57,13.15,4
0041400101,1610612751,203486,87.08781,15.59127,0.0,126,601.57,13.15,4
0041400101,-1,-1,88.2148,3.29835,2.69557,127,601.54,13.11,4
0041400101,1610612737,2594,84.03155,10.64951,0.0,127,601.54,13.11,4
0041400101,1610612737,203118,83.50047,30.18832,0.0,127,601.54,13.11,4
0041400101,1610612737,203145,77.20287,2.51695,0.0,127,601.54,13.11,4
0041400101,1610612737,203471,68.44554,27.49942,0.0,127,601.54,13.11,4
0041400101,1610612737,203544,87.11282,17.56823,0.0,127,601.54,13.11,4
0041400101,1610612751,2207,69.03773,4.03155,0.0,127,601.54,13.11,4
0041400101,1610612751,101187,63.9563,30.47634,0.0,127,601.54,13.11,4
0041400101,1610612751,101127,88.97331,2.51902,0.0,127,601.54,13.11,4
0041400101,1610612751,201947,73.43977,42.9489,0.0,127,601.54,13.11,4
0041400101,1610612751,203486,87.03437,15.59098,0.0,127,601.54,13.11,4
0041400101,-1,-1,88.26859,3.30762,2.58946,128,601.5,13.07,4
0041400101,1610612737,2594,84.37424,10.20375,0.0,128,601.5,13.07,4
0041400101,1610612737,203118,83.63596,29.90586,0.0,128,601.5,13.07,4
0041400101,1610612737,203145,77.17808,2.39341,0.0,128,601.5,13.07,4
0041400101,1610612737,203471,68.55734,27.63291,0.0,128,601.5,13.07,4
0041400101,1610612737,203544,87.10428,17.58038,0.0,128,601.5,13.07,4
0041400101,1610612751,2207,68.82876,4.16618,0.0,128,601.5,13.07,4
0041400101,1610612751,101187,63.95516,30.61895,0.0,128,601.5,13.07,4
0041400101,1610612751,101127,88.97948,2.55299,0.0,128,601.5,13.07,4
0041400101,1610612751,201947,73.47197,42.78494,0.0,128,601.5,13.07,4
0041400101,1610612751,203486,86.97247,15.57192,0.0,128,601.5,13.07,4
0041400101,-1,-1,88.31528,3.31547,2.4917,129,601.46,13.03,4
0041400101,1610612737,2594,84.66723,9.76079,0.0,129,601.46,13.03,4
0041400101,1610612737,203118,83.77456,29.61363,0.0,129,601.46,13.03,4
0041400101,1610612737,203145,77.15541,2.27357,0.0,129,601.46,13.03,4
0041400101,1610612737,203471,68.67684,27.75743,0.0,129,601.46,13.03,4
0041400101,1610612737,203544,87.07711,17.59629,0.0,129,601.46,13.03,4
0041400101,1610612751,2207,68.61711,4.30263,0.0,129,601.46,13.03,4
0041400101,1610612751,101187,63.95355,30.79045,0.0,129,601.46,13.03,4
0041400101,1610612751,101127,88.97749,2.5897,0.0,129,601.46,13.03,4
0041400101,1610612751,201947,73.50452,42.62137,0.0,129,601.46,13.03,4
0041400101,1610612751,203486,86.94217,15.59308,0.0,129,601.46,13.03,4
0041400101,-1,-1,88.35506,3.32197,2.4033,130,601.42,12.99,4
0041400101,1610612737,2594,84.90683,9.33883,0.0,130,601.42,12.99,4
0041400101,1610612737,203118,83.90668,29.3348,0.0,130,601.42,12.99,4
0041400101,1610612737,203145,77.14189,2.15706,0.0,130,601.42,12.99,4
0041400101,1610612737,203471,68.79767,27.88406,0.0,130,601.42,12.99,4
0041400101,1610612737,203544,87.04404,17.61523,0.0,130,601.42,12.99,4
0041400101,1610612751,2207,68.40286,4.42586,0.0,130,601.42,12.99,4
0041400101,1610612751,101187,63.95402,30.95309,0.0,130,601.42,12.99,4
0041400101,1610612751,101127,88.96781,2.63811,0.0,130,601.42,12.99,4
0041400101,1610612751,201947,73.55695,42.39026,0.0,130,601.42,12.99,4
0041400101,1610612751,203486,86.92971,15.65502,0.0,130,601.42,12.99,4
0041400101,-1,-1,88.38815,3.32722,2.32531,131,601.38,12.95,4
0041400101,1610612737,2594,85.12326,8.93714,0.0,131,601.38,12.95,4
0041400101,1610612737,203118,84.03388,29.04865,0.0,131,601.38,12.95,4
0041400101,1610612737,203145,77.13845,2.08578,0.0,131,601.38,12.95,4
0041400101,1610612737,203471,68.92679,27.99523,0.0,131,601.38,12.95,4
0041400101,1610612737,203544,87.00441,17.6303,0.0,131,601.38,12.95,4
0041400101,1610612751,2207,68.20042,4.56041,0.0,131,601.38,12.95,4
0041400101,1610612751,101187,63.95938,31.10952,0.0,131,601.38,12.95,4
0041400101,1610612751,101127,88.94914,2.68808,0.0,131,601.38,12.95,4
0041400101,1610612751,201947,73.58299,42.16506,0.0,131,601.38,12.95,4
0041400101,1610612751,203486,86.93737,15.6582,0.0,131,601.38,12.95,4
0041400101,-1,-1,88.41475,3.33131,2.25876,132,601.34,12.91,4
0041400101,1610612737,2594,85.31542,8.56748,0.0,132,601.34,12.91,4
0041400101,1610612737,203118,84.16041,28.7623,0.0,132,601.34,12.91,4
0041400101,1610612737,203145,77.16289,2.04183,0.0,132,601.34,12.91,4
0041400101,1610612737,203471,69.05916,28.10589,0.0,132,601.34,12.91,4
0041400101,1610612737,203544,86.96425,17.6379,0.0,132,601.34,12.91,4
0041400101,1610612751,2207,67.98131,4.67788,0.0,132,601.34,12.91,4
0041400101,1610612751,101187,63.96399,31.27438,0.0,132,601.34,12.91,4
0041400101,1610612751,101127,88.9314,2.72428,0.0,132,601.34,12.91,4
0041400101,1610612751,201947,73.59607,42.00288,0.0,132,601.34,12.91,4
0041400101,1610612751,203486,86.90297,15.70222,0.0,132,601.34,12.91,4
0041400101,-1,-1,88.43508,3.33433,2.20467,133,601.3,12.87,4
0041400101,1610612737,2594,85.52067,8.25977,0.0,133,601.3,12.87,4
0041400101,1610612737,203118,84.2857,28.48149,0.0,133,601.3,12.87,4
0041400101,1610612737,203145,77.20132,2.02605,0.0,133,601.3,12.87,4
0041400101,1610612737,203471,69.19569,28.20702,0.0,133,601.3,12.87,4
0041400101,1610612737,203544,86.92492,17.63836,0.0,133,601.3,12.87,4
0041400101,1610612751,2207,67.76219,4.80461,0.0,133,601.3,12.87,4
0041400101,1610612751,101187,63.97091,31.42348,0.0,133,601.3,12.87,4
0041400101,1610612751,101127,88.91439,2.77094,0.0,133,601.3,12.87,4
0041400101,1610612751,201947,73.65699,41.82766,0.0,133,601.3,12.87,4
0041400101,1610612751,203486,86.89395,15.71055,0.0,133,601.3,12.87,4
0041400101,-1,-1,88.44934,3.33638,2.16409,134,601.25,12.83,4
0041400101,1610612737,2594,85.71745,7.98989,0.0,134,601.25,12.83,4
0041400101,1610612737,203118,84.44995,28.1894,0.0,134,601.25,12.83,4
0041400101,1610612737,203145,77.24616,2.04564,0.0,134,601.25,12.83,4
0041400101,1610612737,203471,69.33719,28.31331,0.0,134,601.25,12.83,4
0041400101,1610612737,203544,86.88465,17.6331,0.0,134,601.25,12.83,4
0041400101,1610612751,2207,67.54062,4.94542,0.0,134,601.25,12.83,4
0041400101,1610612751,101187,63.96473,31.55712,0.0,134,601.25,12.83,4
0041400101,1610612751,101127,88.90228,2.78961,0.0,134,601.25,12.83,4
0041400101,1610612751,201947,73.72888,41.66388,0.0,134,601.25,12.83,4
0041400101,1610612751,203486,86.86852,15.72016,0.0,134,601.25,12.83,4
0041400101,-1,-1,88.45775,3.33754,2.13804,135,601.21,12.79,4
0041400101,1610612737,2594,85.89211,7.74495,0.0,135,601.21,12.79,4
0041400101,1610612737,203118,84.57299,27.8991,0.0,135,601.21,12.79,4
0041400101,1610612737,203145,77.27002,2.08686,0.0,135,601.21,12.79,4
0041400101,1610612737,203471,69.49076,28.37674,0.0,135,601.21,12.79,4
0041400101,1610612737,203544,86.84324,17.61993,0.0,135,601.21,12.79,4
0041400101,1610612751,2207,67.31588,5.09816,0.0,135,601.21,12.79,4
0041400101,1610612751,101187,63.96194,31.68146,0.0,135,601.21,12.79,4
0041400101,1610612751,101127,88.88161,2.7924,0.0,135,601.21,12.79,4
0041400101,1610612751,201947,73.81003,41.5085,0.0,135,601.21,12.79,4
0041400101,1610612751,203486,86.77737,15.68444,0.0,135,601.21,12.79,4
0041400101,-1,-1,88.4605,3.33791,2.12755,136,601.17,12.75,4
0041400101,1610612737,2594,86.01897,7.51153,0.0,136,601.17,12.75,4
0041400101,1610612737,203118,84.70474,27.61808,0.0,136,601.17,12.75,4
0041400101,1610612737,203145,77.2986,2.16113,0.0,136,601.17,12.75,4
0041400101,1610612737,203471,69.65441,28.4212,0.0,136,601.17,12.75,4
0041400101,1610612737,203544,86.8131,17.57749,0.0,136,601.17,12.75,4
0041400101,1610612751,2207,67.11167,5.2668,0.0,136,601.17,12.75,4
0041400101,1610612751,101187,63.95506,31.79002,0.0,136,601.17,12.75,4
0041400101,1610612751,101127,88.85898,2.79387,0.0,136,601.17,12.75,4
0041400101,1610612751,201947,73.90773,41.35949,0.0,136,601.17,12.75,4
0041400101,1610612751,203486,86.71759,15.59743,0.0,136,601.17,12.75,4
0041400101,-1,-1,88.56035,3.33588,2.17667,137,601.13,12.71,4
0041400101,1610612737,2594,86.1296,7.31997,0.0,137,601.13,12.71,4
0041400101,1610612737,203118,84.83861,27.34576,0.0,137,601.13,12.71,4
0041400101,1610612737,203145,77.32893,2.26176,0.0,137,601.13,12.71,4
0041400101,1610612737,203471,69.82648,28.4697,0.0,137,601.13,12.71,4
0041400101,1610612737,203544,86.77842,17.53677,0.0,137,601.13,12.71,4
0041400101,1610612751,2207,66.91688,5.45245,0.0,137,601.13,12.71,4
0041400101,1610612751,101187,63.9463,31.88982,0.0,137,601.13,12.71,4
0041400101,1610612751,101127,88.84467,2.80341,0.0,137,601.13,12.71,4
0041400101,1610612751,201947,74.0172,41.22346,0.0,137,601.13,12.71,4
0041400101,1610612751,203486,86.65102,15.5077,0.0,137,601.13,12.71,4
0041400101,-1,-1,88.6602,3.33384,2.22579,138,601.09,12.67,4
0041400101,1610612737,2594,86.22681,7.16214,0.0,138,601.09,12.67,4
0041400101,1610612737,203118,84.97183,27.08365,0.0,138,601.09,12.67,4
0041400101,1610612737,203145,77.36591,2.39456,0.0,138,601.09,12.67,4
0041400101,1610612737,203471,69.99004,28.52257,0.0,138,601.09,12.67,4
0041400101,1610612737,203544,86.74108,17.49501,0.0,138,601.09,12.67,4
0041400101,1610612751,2207,66.72624,5.66242,0.0,138,601.09,12.67,4
0041400101,1610612751,101187,63.92853,31.98165,0.0,138,601.09,12.67,4
0041400101,1610612751,101127,88.84286,2.82951,0.0,138,601.09,12.67,4
0041400101,1610612751,201947,74.14252,41.10239,0.0,138,601.09,12.67,4
0041400101,1610612751,203486,86.57321,15.41771,0.0,138,601.09,12.67,4
0041400101,-1,-1,88.76004,3.33181,2.27491,139,601.06,12.63,4
0041400101,1610612737,2594,86.30094,7.03415,0.0,139,601.06,12.63,4
0041400101,1610612737,203118,85.10492,26.82903,0.0,139,601.06,12.63,4
0041400101,1610612737,203145,77.40224,2.56454,0.0,139,601.06,12.63,4
0041400101,1610612737,203471,70.1589,28.57339,0.0,139,601.06,12.63,4
0041400101,1610612737,203544,86.70651,17.44829,0.0,139,601.06,12.63,4
0041400101,1610612751,2207,66.54851,5.88152,0.0,139,601.06,12.63,4
0041400101,1610612751,101187,63.90599,32.06668,0.0,139,601.06,12.63,4
0041400101,1610612751,101127,88.85031,2.85591,0.0,139,601.06,12.63,4
0041400101,1610612751,201947,74.27713,40.99955,0.0,139,601.06,12.63,4
0041400101,1610612751,203486,86.5124,15.37006,0.0,139,601.06,12.63,4
0041400101,-1,-1,88.85989,3.32978,2.32403,140,601.01,12.59,4
0041400101,1610612737,2594,86.3675,6.92775,0.0,140,601.01,12.59,4
0041400101,1610612737,203118,85.23276,26.5897,0.0,140,601.01,12.59,4
0041400101,1610612737,203145,77.43769,2.74665,0.0,140,601.01,12.59,4
0041400101,1610612737,203471,70.32665,28.61729,0.0,140,601.01,12.59,4
0041400101,1610612737,203544,86.67681,17.39934,0.0,140,601.01,12.59,4
0041400101,1610612751,2207,66.3698,6.1122,0.0,140,601.01,12.59,4
0041400101,1610612751,101187,63.88,32.14234,0.0,140,601.01,12.59,4
0041400101,1610612751,101127,88.86545,2.87183,0.0,140,601.01,12.59,4
0041400101,1610612751,201947,74.421,40.9182,0.0,140,601.01,12.59,4
0041400101,1610612751,203486,86.44981,15.32769,0.0,140,601.01,12.59,4
0041400101,-1,-1,88.95974,3.32775,2.37315,141,600.97,12.55,4
0041400101,1610612737,2594,86.43468,6.85644,0.0,141,600.97,12.55,4
0041400101,1610612737,203118,85.3361,26.40107,0.0,141,600.97,12.55,4
0041400101,1610612737,203145,77.4727,2.95131,0.0,141,600.97,12.55,4
0041400101,1610612737,203471,70.52145,28.6393,0.0,141,600.97,12.55,4
0041400101,1610612737,203544,86.64982,17.34792,0.0,141,600.97,12.55,4
0041400101,1610612751,2207,66.20456,6.34915,0.0,141,600.97,12.55,4
0041400101,1610612751,101187,63.85074,32.21605,0.0,141,600.97,12.55,4
0041400101,1610612751,101127,88.89968,2.86625,0.0,141,600.97,12.55,4
0041400101,1610612751,201947,74.57073,40.85748,0.0,141,600.97,12.55,4
0041400101,1610612751,203486,86.37806,15.29023,0.0,141,600.97,12.55,4
0041400101,-1,-1,89.05959,3.32571,2.42227,142,600.93,12.51,4
0041400101,1610612737,2594,86.49308,6.80913,0.0,142,600.93,12.51,4
0041400101,1610612737,203118,85.4531,26.18391,0.0,142,600.93,12.51,4
0041400101,1610612737,203145,77.51,3.17341,0.0,142,600.93,12.51,4
0041400101,1610612737,203471,70.71285,28.66103,0.0,142,600.93,12.51,4
0041400101,1610612737,203544,86.62595,17.28124,0.0,142,600.93,12.51,4
0041400101,1610612751,2207,66.04357,6.59583,0.0,142,600.93,12.51,4
0041400101,1610612751,101187,63.81809,32.28771,0.0,142,600.93,12.51,4
0041400101,1610612751,101127,88.94717,2.84552,0.0,142,600.93,12.51,4
0041400101,1610612751,201947,74.72306,40.81743,0.0,142,600.93,12.51,4
0041400101,1610612751,203486,86.26693,15.182,0.0,142,600.93,12.51,4
0041400101,-1,-1,89.15944,3.32368,2.47139,143,600.89,12.47,4
0041400101,1610612737,2594,86.54998,6.78379,0.0,143,600.89,12.47,4
0041400101,1610612737,203118,85.5758,25.97011,0.0,143,600.89,12.47,4
0041400101,1610612737,203145,77.55778,3.40285,0.0,143,600.89,12.47,4
0041400101,1610612737,203471,70.89414,28.68706,0.0,143,600.89,12.47,4
0041400101,1610612737,203544,86.60983,17.21753,0.0,143,600.89,12.47,4
0041400101,1610612751,2207,65.89193,6.8969,0.0,143,600.89,12.47,4
0041400101,1610612751,101187,63.78194,32.34613,0.0,143,600.89,12.47,4
0041400101,1610612751,101127,89.00341,2.80281,0.0,143,600.89,12.47,4
0041400101,1610612751,201947,74.88513,40.79175,0.0,143,600.89,12.47,4
0041400101,1610612751,203486,86.123,15.01526,0.0,143,600.89,12.47,4
0041400101,-1,-1,89.25929,3.32165,2.52051,144,600.85,12.43,4
0041400101,1610612737,2594,86.60927,6.78368,0.0,144,600.85,12.43,4
0041400101,1610612737,203118,85.69904,25.7741,0.0,144,600.85,12.43,4
0041400101,1610612737,203145,77.61394,3.65633,0.0,144,600.85,12.43,4
0041400101,1610612737,203471,71.07329,28.7021,0.0,144,600.85,12.43,4
0041400101,1610612737,203544,86.59084,17.15227,0.0,144,600.85,12.43,4
0041400101,1610612751,2207,65.75243,7.159,0.0,144,600.85,12.43,4
0041400101,1610612751,101187,63.74714,32.40762,0.0,144,600.85,12.43,4
0041400101,1610612751,101127,89.06277,2.75476,0.0,144,600.85,12.43,4
0041400101,1610612751,201947,75.0615,40.77878,0.0,144,600.85,12.43,4
0041400101,1610612751,203486,85.97002,14.84522,0.0,144,600.85,12.43,4
0041400101,-1,-1,89.35913,3.31962,2.56963,145,600.81,12.39,4
0041400101,1610612737,2594,86.67125,6.79078,0.0,145,600.81,12.39,4
0041400101,1610612737,203118,85.81917,25.58804,0.0,145,600.81,12.39,4
0041400101,1610612737,203145,77.67095,3.95318,0.0,145,600.81,12.39,4
0041400101,1610612737,203471,71.24611,28.72877,0.0,145,600.81,12.39,4
0041400101,1610612737,203544,86.56964,17.08549,0.0,145,600.81,12.39,4
0041400101,1610612751,2207,65.61714,7.48165,0.0,145,600.81,12.39,4
0041400101,1610612751,101187,63.71643,32.47291,0.0,145,600.81,12.39,4
0041400101,1610612751,101127,89.10658,2.70437,0.0,145,600.81,12.39,4
0041400101,1610612751,201947,75.24119,40.78921,0.0,145,600.81,12.39,4
0041400101,1610612751,203486,85.83365,14.71333,0.0,145,600.81,12.39,4
0041400101,-1,-1,89.45898,3.31758,2.61874,146,600.77,12.35,4
0041400101,1610612737,2594,86.7429,6.79719,0.0,146,600.77,12.35,4
0041400101,1610612737,203118,85.93636,25.41426,0.0,146,600.77,12.35,4
0041400101,1610612737,203145,77.72844,4.2417,0.0,146,600.77,12.35,4
0041400101,1610612737,203471,71.41121,28.76062,0.0,146,600.77,12.35,4
0041400101,1610612737,203544,86.54063,16.99717,0.0,146,600.77,12.35,4
0041400101,1610612751,2207,65.49146,7.76955,0.0,146,600.77,12.35,4
0041400101,1610612751,101187,63.67978,32.5332,0.0,146,600.77,12.35,4
0041400101,1610612751,101127,89.15261,2.65054,0.0,146,600.77,12.35,4
0041400101,1610612751,201947,75.43246,40.81176,0.0,146,600.77,12.35,4
0041400101,1610612751,203486,85.63311,14.57978,0.0,146,600.77,12.35,4
0041400101,-1,-1,89.55883,3.31555,2.66786,147,600.73,12.31,4
0041400101,1610612737,2594,86.80845,6.80999,0.0,147,600.73,12.31,4
0041400101,1610612737,203118,86.04664,25.25426,0.0,147,600.73,12.31,4
0041400101,1610612737,203145,77.75907,4.54038,0.0,147,600.73,12.31,4
0041400101,1610612737,203471,71.56702,28.78471,0.0,147,600.73,12.31,4
0041400101,1610612737,203544,86.51197,16.90304,0.0,147,600.73,12.31,4
0041400101,1610612751,2207,65.37332,8.0656,0.0,147,600.73,12.31,4
0041400101,1610612751,101187,63.65283,32.59065,0.0,147,600.73,12.31,4
0041400101,1610612751,101127,89.19978,2.59622,0.0,147,600.73,12.31,4
0041400101,1610612751,201947,75.62696,40.84074,0.0,147,600.73,12.31,4
0041400101,1610612751,203486,85.46283,14.42561,0.0,147,600.73,12.31,4
0041400101,-1,-1,89.65868,3.31352,2.71698,148,600.69,12.27,4
0041400101,1610612737,2594,86.86515,6.82431,0.0,148,600.69,12.27,4
0041400101,1610612737,203118,86.15816,25.10337,0.0,148,600.69,12.27,4
0041400101,1610612737,203145,77.77991,4.83418,0.0,148,600.69,12.27,4
0041400101,1610612737,203471,71.71405,28.80786,0.0,148,600.69,12.27,4
0041400101,1610612737,203544,86.49268,16.81841,0.0,148,600.69,12.27,4
0041400101,1610612751,2207,65.26588,8.3711,0.0,148,600.69,12.27,4
0041400101,1610612751,101187,63.62464,32.65454,0.0,148,600.69,12.27,4
0041400101,1610612751,101127,89.23793,2.53856,0.0,148,600.69,12.27,4
0041400101,1610612751,201947,75.82967,40.87543,0.0,148,600.69,12.27,4
0041400101,1610612751,203486,85.27611,14.24866,0.0,148,600.69,12.27,4
0041400101,-1,-1,89.75853,3.31149,2.7661,149,600.65,12.23,4
0041400101,1610612737,2594,86.9104,6.83788,0.0,149,600.65,12.23,4
0041400101,1610612737,203118,86.24828,24.96157,0.0,149,600.65,12.23,4
0041400101,1610612737,203145,77.79867,5.13336,0.0,149,600.65,12.23,4
0041400101,1610612737,203471,71.85063,28.82365,0.0,149,600.65,12.23,4
0041400101,1610612737,203544,86.44711,16.70012,0.0,149,600.65,12.23,4
0041400101,1610612751,2207,65.16688,8.67704,0.0,149,600.65,12.23,4
0041400101,1610612751,101187,63.60639,32.72811,0.0,149,600.65,12.23,4
0041400101,1610612751,101127,89.27371,2.47618,0.0,149,600.65,12.23,4
0041400101,1610612751,201947,76.03362,40.91266,0.0,149,600.65,12.23,4
0041400101,1610612751,203486,85.10501,14.079,0.0,149,600.65,12.23,4
0041400101,-1,-1,89.75163,3.16877,2.92144,150,600.61,12.19,4
0041400101,1610612737,2594,86.94638,6.85253,0.0,150,600.61,12.19,4
0041400101,1610612737,203118,86.37169,24.83345,0.0,150,600.61,12.19,4
0041400101,1610612737,203145,77.81484,5.43371,0.0,150,600.61,12.19,4
0041400101,1610612737,203471,71.98112,28.83771,0.0,150,600.61,12.19,4
0041400101,1610612737,203544,86.40649,16.58178,0.0,150,600.61,12.19,4
0041400101,1610612751,2207,65.07652,8.98634,0.0,150,600.61,12.19,4
0041400101,1610612751,101187,63.59455,32.80475,0.0,150,600.61,12.19,4
0041400101,1610612751,101127,89.30948,2.41129,0.0,150,600.61,12.19,4
0041400101,1610612751,201947,76.24595,40.9562,0.0,150,600.61,12.19,4
0041400101,1610612751,203486,84.98898,13.93279,0.0,150,600.61,12.19,4
0041400101,-1,-1,89.74474,3.02605,3.07677,151,600.57,12.15,4
0041400101,1610612737,2594,86.98984,6.86689,0.0,151,600.57,12.15,4
0041400101,1610612737,203118,86.48552,24.70644,0.0,151,600.57,12.15,4
0041400101,1610612737,203145,77.82429,5.74215,0.0,151,600.57,12.15,4
0041400101,1610612737,203471,72.10532,28.84638,0.0,151,600.57,12.15,4
0041400101,1610612737,203544,86.3656,16.49397,0.0,151,600.57,12.15,4
0041400101,1610612751,2207,64.98368,9.29885,0.0,151,600.57,12.15,4
0041400101,1610612751,101187,63.58975,32.8873,0.0,151,600.57,12.15,4
0041400101,1610612751,101127,89.33966,2.3465,0.0,151,600.57,12.15,4
0041400101,1610612751,201947,76.45704,41.00165,0.0,151,600.57,12.15,4
0041400101,1610612751,203486,84.83825,13.8123,0.0,151,600.57,12.15,4
0041400101,-1,-1,89.73785,2.88333,3.23211,152,600.53,12.11,4
0041400101,1610612737,2594,87.01436,6.86456,0.0,152,600.53,12.11,4
0041400101,1610612737,203118,86.59597,24.58149,0.0,152,600.53,12.11,4
0041400101,1610612737,203145,77.82726,6.05535,0.0,152,600.53,12.11,4
0041400101,1610612737,203471,72.22845,28.85611,0.0,152,600.53,12.11,4
0041400101,1610612737,203544,86.33919,16.39987,0.0,152,600.53,12.11,4
0041400101,1610612751,2207,64.88467,9.61197,0.0,152,600.53,12.11,4
0041400101,1610612751,101187,63.59336,32.97524,0.0,152,600.53,12.11,4
0041400101,1610612751,101127,89.36603,2.28318,0.0,152,600.53,12.11,4
0041400101,1610612751,201947,76.66408,41.0499,0.0,152,600.53,12.11,4
0041400101,1610612751,203486,84.69716,13.67763,0.0,152,600.53,12.11,4
0041400101,-1,-1,89.73786,2.93046,3.22881,153,600.49,12.07,4
0041400101,1610612737,2594,87.02611,6.84909,0.0,153,600.49,12.07,4
0041400101,1610612737,203118,86.70063,24.46025,0.0,153,600.49,12.07,4
0041400101,1610612737,203145,77.82011,6.36579,0.0,153,600.49,12.07,4
0041400101,1610612737,203471,72.34469,28.86677,0.0,153,600.49,12.07,4
0041400101,1610612737,203544,86.32152,16.29385,0.0,153,600.49,12.07,4
0041400101,1610612751,2207,64.77985,9.9158,0.0,153,600.49,12.07,4
0041400101,1610612751,101187,63.60914,33.07457,0.0,153,600.49,12.07,4
0041400101,1610612751,101127,89.38286,2.22374,0.0,153,600.49,12.07,4
0041400101,1610612751,201947,76.86183,41.09684,0.0,153,600.49,12.07,4
0041400101,1610612751,203486,84.56667,13.53345,0.0,153,600.49,12.07,4
0041400101,-1,-1,89.73791,2.98267,3.21856,154,600.45,12.03,4
0041400101,1610612737,2594,87.04152,6.83242,0.0,154,600.45,12.03,4
0041400101,1610612737,203118,86.80168,24.34181,0.0,154,600.45,12.03,4
0041400101,1610612737,203145,77.78641,6.6863,0.0,154,600.45,12.03,4
0041400101,1610612737,203471,72.4623,28.88221,0.0,154,600.45,12.03,4
0041400101,1610612737,203544,86.30554,16.17898,0.0,154,600.45,12.03,4
0041400101,1610612751,2207,64.66777,10.22649,0.0,154,600.45,12.03,4
0041400101,1610612751,101187,63.6366,33.18891,0.0,154,600.45,12.03,4
0041400101,1610612751,101127,89.39878,2.17195,0.0,154,600.45,12.03,4
0041400101,1610612751,201947,77.06213,41.14513,0.0,154,600.45,12.03,4
0041400101,1610612751,203486,84.42102,13.32482,0.0,154,600.45,12.03,4
0041400101,-1,-1,89.73801,3.03969,3.20084,155,600.41,11.99,4
0041400101,1610612737,2594,87.0633,6.81601,0.0,155,600.41,11.99,4
0041400101,1610612737,203118,86.89711,24.23101,0.0,155,600.41,11.99,4
0041400101,1610612737,203145,77.73401,7.0106,0.0,155,600.41,11.99,4
0041400101,1610612737,203471,72.58772,28.89106,0.0,155,600.41,11.99,4
0041400101,1610612737,203544,86.28996,16.05564,0.0,155,600.41,11.99,4
0041400101,1610612751,2207,64.55241,10.53553,0.0,155,600.41,11.99,4
0041400101,1610612751,101187,63.67626,33.31199,0.0,155,600.41,11.99,4
0041400101,1610612751,101127,89.40205,2.12655,0.0,155,600.41,11.99,4
0041400101,1610612751,201947,77.27987,41.19286,0.0,155,600.41,11.99,4
0041400101,1610612751,203486,84.27885,13.09395,0.0,155,600.41,11.99,4
0041400101,-1,-1,89.73817,3.10122,3.17512,156,600.37,11.95,4
0041400101,1610612737,2594,87.05151,6.77904,0.0,156,600.37,11.95,4
0041400101,1610612737,203118,86.99489,24.11795,0.0,156,600.37,11.95,4
0041400101,1610612737,203145,77.67106,7.33415,0.0,156,600.37,11.95,4
0041400101,1610612737,203471,72.71181,28.89187,0.0,156,600.37,11.95,4
0041400101,1610612737,203544,86.28101,15.91951,0.0,156,600.37,11.95,4
0041400101,1610612751,2207,64.42955,10.84805,0.0,156,600.37,11.95,4
0041400101,1610612751,101187,63.7265,33.45068,0.0,156,600.37,11.95,4
0041400101,1610612751,101127,89.40288,2.0878,0.0,156,600.37,11.95,4
0041400101,1610612751,201947,77.50876,41.22916,0.0,156,600.37,11.95,4
0041400101,1610612751,203486,84.14162,12.84209,0.0,156,600.37,11.95,4
0041400101,-1,-1,89.73841,3.16697,3.1409,157,600.33,11.91,4
0041400101,1610612737,2594,87.02486,6.7382,0.0,157,600.33,11.91,4
0041400101,1610612737,203118,87.09363,24.00627,0.0,157,600.33,11.91,4
0041400101,1610612737,203145,77.59534,7.65481,0.0,157,600.33,11.91,4
0041400101,1610612737,203471,72.83965,28.89418,0.0,157,600.33,11.91,4
0041400101,1610612737,203544,86.30768,15.78205,0.0,157,600.33,11.91,4
0041400101,1610612751,2207,64.30091,11.16287,0.0,157,600.33,11.91,4
0041400101,1610612751,101187,63.79005,33.60087,0.0,157,600.33,11.91,4
0041400101,1610612751,101127,89.39803,2.05672,0.0,157,600.33,11.91,4
0041400101,1610612751,201947,77.75477,41.27711,0.0,157,600.33,11.91,4
0041400101,1610612751,203486,84.03234,12.61797,0.0,157,600.33,11.91,4
0041400101,-1,-1,89.73876,3.23666,3.09763,158,600.29,11.87,4
0041400101,1610612737,2594,86.98763,6.69816,0.0,158,600.29,11.87,4
0041400101,1610612737,203118,87.19464,23.88974,0.0,158,600.29,11.87,4
0041400101,1610612737,203145,77.5091,7.97295,0.0,158,600.29,11.87,4
0041400101,1610612737,203471,72.96267,28.88676,0.0,158,600.29,11.87,4
0041400101,1610612737,203544,86.34149,15.61988,0.0,158,600.29,11.87,4
0041400101,1610612751,2207,64.16603,11.42801,0.0,158,600.29,11.87,4
0041400101,1610612751,101187,63.86271,33.76374,0.0,158,600.29,11.87,4
0041400101,1610612751,101127,89.39261,2.0454,0.0,158,600.29,11.87,4
0041400101,1610612751,201947,78.00871,41.31608,0.0,158,600.29,11.87,4
0041400101,1610612751,203486,83.93502,12.43913,0.0,158,600.29,11.87,4
0041400101,-1,-1,89.73921,3.30998,3.04481,159,600.25,11.83,4
0041400101,1610612737,2594,86.94407,6.65336,0.0,159,600.25,11.83,4
0041400101,1610612737,203118,87.29681,23.76911,0.0,159,600.25,11.83,4
0041400101,1610612737,203145,77.41503,8.29103,0.0,159,600.25,11.83,4
0041400101,1610612737,203471,73.08028,28.88221,0.0,159,600.25,11.83,4
0041400101,1610612737,203544,86.36378,15.43986,0.0,159,600.25,11.83,4
0041400101,1610612751,2207,64.02119,11.74197,0.0,159,600.25,11.83,4
0041400101,1610612751,101187,63.95592,33.93845,0.0,159,600.25,11.83,4
0041400101,1610612751,101127,89.37515,2.04501,0.0,159,600.25,11.83,4
0041400101,1610612751,201947,78.26704,41.3601,0.0,159,600.25,11.83,4
0041400101,1610612751,203486,83.84739,12.24885,0.0,159,600.25,11.83,4
0041400101,-1,-1,89.73979,3.38665,2.9819,160,600.21,11.79,4
0041400101,1610612737,2594,86.88829,6.60061,0.0,160,600.21,11.79,4
0041400101,1610612737,203118,87.40615,23.63281,0.0,160,600.21,11.79,4
0041400101,1610612737,203145,77.31506,8.60592,0.0,160,600.21,11.79,4
0041400101,1610612737,203471,73.19708,28.87324,0.0,160,600.21,11.79,4
0041400101,1610612737,203544,86.42189,15.23242,0.0,160,600.21,11.79,4
0041400101,1610612751,2207,63.87302,12.00972,0.0,160,600.21,11.79,4
0041400101,1610612751,101187,64.0527,34.12388,0.0,160,600.21,11.79,4
0041400101,1610612751,101127,89.36594,2.06069,0.0,160,600.21,11.79,4
0041400101,1610612751,201947,78.51048,41.35782,0.0,160,600.21,11.79,4
0041400101,1610612751,203486,83.75073,12.00641,0.0,160,600.21,11.79,4
0041400101,-1,-1,89.74051,3.46638,2.9084,161,600.17,11.75,4
0041400101,1610612737,2594,86.83018,6.55729,0.0,161,600.17,11.75,4
0041400101,1610612737,203118,87.52194,23.49588,0.0,161,600.17,11.75,4
0041400101,1610612737,203145,77.21398,8.92202,0.0,161,600.17,11.75,4
0041400101,1610612737,203471,73.31643,28.86001,0.0,161,600.17,11.75,4
0041400101,1610612737,203544,86.51826,15.04209,0.0,161,600.17,11.75,4
0041400101,1610612751,2207,63.71471,12.32375,0.0,161,600.17,11.75,4
0041400101,1610612751,101187,64.16673,34.31827,0.0,161,600.17,11.75,4
0041400101,1610612751,101127,89.35225,2.07091,0.0,161,600.17,11.75,4
0041400101,1610612751,201947,78.77448,41.40864,0.0,161,600.17,11.75,4
0041400101,1610612751,203486,83.68557,11.79725,0.0,161,600.17,11.75,4
0041400101,-1,-1,89.74139,3.54888,2.82377,162,600.13,11.71,4
0041400101,1610612737,2594,86.77488,6.51183,0.0,162,600.13,11.71,4
0041400101,1610612737,203118,87.64699,23.34,0.0,162,600.13,11.71,4
0041400101,1610612737,203145,77.1096,9.2369,0.0,162,600.13,11.71,4
0041400101,1610612737,203471,73.43738,28.84583,0.0,162,600.13,11.71,4
0041400101,1610612737,203544,86.62609,14.83407,0.0,162,600.13,11.71,4
0041400101,1610612751,2207,63.5512,12.6352,0.0,162,600.13,11.71,4
0041400101,1610612751,101187,64.2812,34.51262,0.0,162,600.13,11.71,4
0041400101,1610612751,101127,89.33239,2.084,0.0,162,600.13,11.71,4
0041400101,1610612751,201947,79.03925,41.4576,0.0,162,600.13,11.71,4
0041400101,1610612751,203486,83.63181,11.56015,0.0,162,600.13,11.71,4
0041400101,-1,-1,89.74245,3.63387,2.7275,163,600.09,11.67,4
0041400101,1610612737,2594,86.7187,6.46173,0.0,163,600.09,11.67,4
0041400101,1610612737,203118,87.75486,23.21068,0.0,163,600.09,11.67,4
0041400101,1610612737,203145,77.00161,9.54917,0.0,163,600.09,11.67,4
0041400101,1610612737,203471,73.5621,28.83406,0.0,163,600.09,11.67,4
0041400101,1610612737,203544,86.73047,14.58796,0.0,163,600.09,11.67,4
0041400101,1610612751,2207,63.38359,12.9376,0.0,163,600.09,11.67,4
0041400101,1610612751,101187,64.39816,34.7116,0.0,163,600.09,11.67,4
0041400101,1610612751,101127,89.3165,2.09689,0.0,163,600.09,11.67,4
0041400101,1610612751,201947,79.30722,41.50991,0.0,163,600.09,11.67,4
0041400101,1610612751,203486,83.59544,11.33179,0.0,163,600.09,11.67,4
0041400101,-1,-1,89.74369,3.72104,2.61905,164,600.05,11.63,4
0041400101,1610612737,2594,86.66104,6.40484,0.0,164,600.05,11.63,4
0041400101,1610612737,203118,87.85944,23.07929,0.0,164,600.05,11.63,4
0041400101,1610612737,203145,76.88926,9.84865,0.0,164,600.05,11.63,4
0041400101,1610612737,203471,73.68616,28.82659,0.0,164,600.05,11.63,4
0041400101,1610612737,203544,86.86548,14.34425,0.0,164,600.05,11.63,4
0041400101,1610612751,2207,63.21098,13.23632,0.0,164,600.05,11.63,4
0041400101,1610612751,101187,64.52644,34.92187,0.0,164,600.05,11.63,4
0041400101,1610612751,101127,89.30202,2.11688,0.0,164,600.05,11.63,4
0041400101,1610612751,201947,79.58301,41.56171,0.0,164,600.05,11.63,4
0041400101,1610612751,203486,83.55645,11.09546,0.0,164,600.05,11.63,4
0041400101,-1,-1,89.74514,3.81011,2.49792,165,600.01,11.59,4
0041400101,1610612737,2594,86.60124,6.34581,0.0,165,600.01,11.59,4
0041400101,1610612737,203118,87.96587,22.9421,0.0,165,600.01,11.59,4
0041400101,1610612737,203145,76.76776,10.14923,0.0,165,600.01,11.59,4
0041400101,1610612737,203471,73.80613,28.81769,0.0,165,600.01,11.59,4
0041400101,1610612737,203544,86.98938,14.11521,0.0,165,600.01,11.59,4
0041400101,1610612751,2207,63.03187,13.53141,0.0,165,600.01,11.59,4
0041400101,1610612751,101187,64.66209,35.14329,0.0,165,600.01,11.59,4
0041400101,1610612751,101127,89.28643,2.13157,0.0,165,600.01,11.59,4
0041400101,1610612751,201947,79.86022,41.61716,0.0,165,600.01,11.59,4
0041400101,1610612751,203486,83.53368,10.86326,0.0,165,600.01,11.59,4
0041400101,-1,-1,89.7468,3.90079,2.36358,166,599.97,11.55,4
0041400101,1610612737,2594,86.5212,6.27466,0.0,166,599.97,11.55,4
0041400101,1610612737,203118,88.06653,22.80482,0.0,166,599.97,11.55,4
0041400101,1610612737,203145,76.6426,10.45,0.0,166,599.97,11.55,4
0041400101,1610612737,203471,73.92431,28.80757,0.0,166,599.97,11.55,4
0041400101,1610612737,203544,87.10797,13.86331,0.0,166,599.97,11.55,4
0041400101,1610612751,2207,62.85611,13.81483,0.0,166,599.97,11.55,4
0041400101,1610612751,101187,64.80793,35.36988,0.0,166,599.97,11.55,4
0041400101,1610612751,101127,89.27144,2.15421,0.0,166,599.97,11.55,4
0041400101,1610612751,201947,80.13651,41.67445,0.0,166,599.97,11.55,4
0041400101,1610612751,203486,83.52229,10.61407,0.0,166,599.97,11.55,4
0041400101,-1,-1,89.74871,3.99278,2.21551,167,599.93,11.51,4
0041400101,1610612737,2594,86.45645,6.21531,0.0,167,599.93,11.51,4
0041400101,1610612737,203118,88.16849,22.65071,0.0,167,599.93,11.51,4
0041400101,1610612737,203145,76.52351,10.73468,0.0,167,599.93,11.51,4
0041400101,1610612737,203471,74.0367,28.79051,0.0,167,599.93,11.51,4
0041400101,1610612737,203544,87.21614,13.59493,0.0,167,599.93,11.51,4
0041400101,1610612751,2207,62.6766,14.09428,0.0,167,599.93,11.51,4
0041400101,1610612751,101187,64.96472,35.60229,0.0,167,599.93,11.51,4
0041400101,1610612751,101127,89.25757,2.18124,0.0,167,599.93,11.51,4
0041400101,1610612751,201947,80.42244,41.72825,0.0,167,599.93,11.51,4
0041400101,1610612751,203486,83.51225,10.36329,0.0,167,599.93,11.51,4
0041400101,-1,-1,89.75086,4.08581,2.05318,168,599.89,11.47,4
0041400101,1610612737,2594,86.38581,6.16032,0.0,168,599.89,11.47,4
0041400101,1610612737,203118,88.26883,22.48848,0.0,168,599.89,11.47,4
0041400101,1610612737,203145,76.41078,11.02829,0.0,168,599.89,11.47,4
0041400101,1610612737,203471,74.15185,28.77166,0.0,168,599.89,11.47,4
0041400101,1610612737,203544,87.32647,13.31191,0.0,168,599.89,11.47,4
0041400101,1610612751,2207,62.49956,14.3583,0.0,168,599.89,11.47,4
0041400101,1610612751,101187,65.1259,35.83889,0.0,168,599.89,11.47,4
0041400101,1610612751,101127,89.2489,2.21438,0.0,168,599.89,11.47,4
0041400101,1610612751,201947,80.72285,41.78301,0.0,168,599.89,11.47,4
0041400101,1610612751,203486,83.50552,10.11653,0.0,168,599.89,11.47,4
0041400101,-1,-1,89.91807,4.19355,1.46771,169,599.85,11.43,4
0041400101,1610612737,2594,86.31541,6.10285,0.0,169,599.85,11.43,4
0041400101,1610612737,203118,88.36503,22.32057,0.0,169,599.85,11.43,4
0041400101,1610612737,203145,76.31605,11.30013,0.0,169,599.85,11.43,4
0041400101,1610612737,203471,74.27014,28.74997,0.0,169,599.85,11.43,4
0041400101,1610612737,203544,87.44591,13.00956,0.0,169,599.85,11.43,4
0041400101,1610612751,2207,62.32549,14.60053,0.0,169,599.85,11.43,4
0041400101,1610612751,101187,65.29426,36.07088,0.0,169,599.85,11.43,4
0041400101,1610612751,101127,89.24492,2.25585,0.0,169,599.85,11.43,4
0041400101,1610612751,201947,81.02678,41.83298,0.0,169,599.85,11.43,4
0041400101,1610612751,203486,83.50167,9.8671,0.0,169,599.85,11.43,4
0041400101,-1,-1,90.05321,4.23217,0.97833,170,599.81,11.39,4
0041400101,1610612737,2594,86.24067,6.04643,0.0,170,599.81,11.39,4
0041400101,1610612737,203118,88.45728,22.14206,0.0,170,599.81,11.39,4
0041400101,1610612737,203145,76.23662,11.5559,0.0,170,599.81,11.39,4
0041400101,1610612737,203471,74.38372,28.73246,0.0,170,599.81,11.39,4
0041400101,1610612737,203544,87.58184,12.66308,0.0,170,599.81,11.39,4
0041400101,1610612751,2207,62.15532,14.84234,0.0,170,599.81,11.39,4
0041400101,1610612751,101187,65.47492,36.30118,0.0,170,599.81,11.39,4
0041400101,1610612751,101127,89.24697,2.30055,0.0,170,599.81,11.39,4
0041400101,1610612751,201947,81.31284,41.88443,0.0,170,599.81,11.39,4
0041400101,1610612751,203486,83.48941,9.62065,0.0,170,599.81,11.39,4
0041400101,-1,-1,90.15963,4.20572,0.57651,171,599.77,11.35,4
0041400101,1610612737,2594,86.17038,5.98235,0.0,171,599.77,11.35,4
0041400101,1610612737,203118,88.54209,21.96079,0.0,171,599.77,11.35,4
0041400101,1610612737,203145,76.16637,11.80058,0.0,171,599.77,11.35,4
0041400101,1610612737,203471,74.50579,28.71616,0.0,171,599.77,11.35,4
0041400101,1610612737,203544,87.72576,12.30405,0.0,171,599.77,11.35,4
0041400101,1610612751,2207,61.98455,15.08822,0.0,171,599.77,11.35,4
0041400101,1610612751,101187,65.662,36.53723,0.0,171,599.77,11.35,4
0041400101,1610612751,101127,89.24874,2.35126,0.0,171,599.77,11.35,4
0041400101,1610612751,201947,81.59473,41.93953,0.0,171,599.77,11.35,4
0041400101,1610612751,203486,83.47188,9.38761,0.0,171,599.77,11.35,4
0041400101,-1,-1,90.24071,4.11826,0.25375,172,599.73,11.31,4
0041400101,1610612737,2594,86.10978,5.91774,0.0,172,599.73,11.31,4
0041400101,1610612737,203118,88.62016,21.77912,0.0,172,599.73,11.31,4
0041400101,1610612737,203145,76.10416,12.03065,0.0,172,599.73,11.31,4
0041400101,1610612737,203471,74.63211,28.69476,0.0,172,599.73,11.31,4
0041400101,1610612737,203544,87.84488,11.93781,0.0,172,599.73,11.31,4
0041400101,1610612751,2207,61.81088,15.32958,0.0,172,599.73,11.31,4
0041400101,1610612751,101187,65.85022,36.78211,0.0,172,599.73,11.31,4
0041400101,1610612751,101127,89.25689,2.40426,0.0,172,599.73,11.31,4
0041400101,1610612751,201947,81.84545,41.92478,0.0,172,599.73,11.31,4
0041400101,1610612751,203486,83.47128,9.1914,0.0,172,599.73,11.31,4
0041400101,-1,-1,90.32479,4.02185,0.28884,173,599.69,11.27,4
0041400101,1610612737,2594,86.05932,5.8539,0.0,173,599.69,11.27,4
0041400101,1610612737,203118,88.69198,21.60171,0.0,173,599.69,11.27,4
0041400101,1610612737,203145,76.0431,12.24412,0.0,173,599.69,11.27,4
0041400101,1610612737,203471,74.76583,28.67698,0.0,173,599.69,11.27,4
0041400101,1610612737,203544,87.96245,11.5628,0.0,173,599.69,11.27,4
0041400101,1610612751,2207,61.64045,15.5788,0.0,173,599.69,11.27,4
0041400101,1610612751,101187,66.04661,37.03212,0.0,173,599.69,11.27,4
0041400101,1610612751,101127,89.26948,2.47431,0.0,173,599.69,11.27,4
0041400101,1610612751,201947,82.10734,41.92125,0.0,173,599.69,11.27,4
0041400101,1610612751,203486,83.4938,9.00554,0.0,173,599.69,11.27,4
0041400101,-1,-1,90.41007,3.92132,0.4186,174,599.65,11.23,4
0041400101,1610612737,2594,86.00868,5.78833,0.0,174,599.65,11.23,4
0041400101,1610612737,203118,88.75464,21.42549,0.0,174,599.65,11.23,4
0041400101,1610612737,203145,75.98893,12.446,0.0,174,599.65,11.23,4
0041400101,1610612737,203471,74.89929,28.66779,0.0,174,599.65,11.23,4
0041400101,1610612737,203544,88.10667,11.19014,0.0,174,599.65,11.23,4
0041400101,1610612751,2207,61.4754,15.83035,0.0,174,599.65,11.23,4
0041400101,1610612751,101187,66.24316,37.27843,0.0,174,599.65,11.23,4
0041400101,1610612751,101127,89.292,2.55085,0.0,174,599.65,11.23,4
0041400101,1610612751,201947,82.35263,41.90988,0.0,174,599.65,11.23,4
0041400101,1610612751,203486,83.50989,8.84813,0.0,174,599.65,11.23,4
0041400101,-1,-1,90.4968,3.81598,0.67974,175,599.61,11.19,4
0041400101,1610612737,2594,85.97257,5.72749,0.0,175,599.61,11.19,4
0041400101,1610612737,203118,88.8124,21.24941,0.0,175,599.61,11.19,4
0041400101,1610612737,203145,75.9389,12.63448,0.0,175,599.61,11.19,4
0041400101,1610612737,203471,75.03587,28.65086,0.0,175,599.61,11.19,4
0041400101,1610612737,203544,88.20886,10.84841,0.0,175,599.61,11.19,4
0041400101,1610612751,2207,61.32346,16.07553,0.0,175,599.61,11.19,4
0041400101,1610612751,101187,66.4487,37.52635,0.0,175,599.61,11.19,4
0041400101,1610612751,101127,89.30333,2.6166,0.0,175,599.61,11.19,4
0041400101,1610612751,201947,82.63555,41.95573,0.0,175,599.61,11.19,4
0041400101,1610612751,203486,83.51847,8.70714,0.0,175,599.61,11.19,4
0041400101,-1,-1,90.58524,3.70517,1.10901,176,599.57,11.15,4
0041400101,1610612737,2594,85.93735,5.65673,0.0,176,599.57,11.15,4
0041400101,1610612737,203118,88.86185,21.0642,0.0,176,599.57,11.15,4
0041400101,1610612737,203145,75.8849,12.80989,0.0,176,599.57,11.15,4
0041400101,1610612737,203471,75.1699,28.63648,0.0,176,599.57,11.15,4
0041400101,1610612737,203544,88.29403,10.49684,0.0,176,599.57,11.15,4
0041400101,1610612751,2207,61.16979,16.30775,0.0,176,599.57,11.15,4
0041400101,1610612751,101187,66.65308,37.7853,0.0,176,599.57,11.15,4
0041400101,1610612751,101127,89.31081,2.69503,0.0,176,599.57,11.15,4
0041400101,1610612751,201947,82.89517,41.99385,0.0,176,599.57,11.15,4
0041400101,1610612751,203486,83.51477,8.59644,0.0,176,599.57,11.15,4
0041400101,-1,-1,90.67564,3.58822,1.74311,177,599.53,11.11,4
0041400101,1610612737,2594,85.90795,5.58735,0.0,177,599.53,11.11,4
0041400101,1610612737,203118,88.89804,20.88338,0.0,177,599.53,11.11,4
0041400101,1610612737,203145,75.84087,12.96943,0.0,177,599.53,11.11,4
0041400101,1610612737,203471,75.30413,28.62774,0.0,177,599.53,11.11,4
0041400101,1610612737,203544,88.38846,10.15044,0.0,177,599.53,11.11,4
0041400101,1610612751,2207,61.02037,16.53622,0.0,177,599.53,11.11,4
0041400101,1610612751,101187,66.86766,38.05001,0.0,177,599.53,11.11,4
0041400101,1610612751,101127,89.3073,2.7725,0.0,177,599.53,11.11,4
0041400101,1610612751,201947,83.15276,42.03495,0.0,177,599.53,11.11,4
0041400101,1610612751,203486,83.50499,8.5281,0.0,177,599.53,11.11,4
0041400101,-1,-1,90.76824,3.46445,2.61878,178,599.49,11.07,4
0041400101,1610612737,2594,85.88846,5.51974,0.0,178,599.49,11.07,4
0041400101,1610612737,203118,88.94384,20.66743,0.0,178,599.49,11.07,4
0041400101,1610612737,203145,75.80448,13.11555,0.0,178,599.49,11.07,4
0041400101,1610612737,203471,75.43649,28.61824,0.0,178,599.49,11.07,4
0041400101,1610612737,203544,88.48311,9.81644,0.0,178,599.49,11.07,4
0041400101,1610612751,2207,60.87268,16.75813,0.0,178,599.49,11.07,4
0041400101,1610612751,101187,67.08644,38.32143,0.0,178,599.49,11.07,4
0041400101,1610612751,101127,89.28662,2.84192,0.0,178,599.49,11.07,4
0041400101,1610612751,201947,83.40987,42.06639,0.0,178,599.49,11.07,4
0041400101,1610612751,203486,83.48458,8.51313,0.0,178,599.49,11.07,4
0041400101,-1,-1,90.59487,3.72608,2.47363,179,599.45,11.03,4
0041400101,1610612737,2594,85.87386,5.4585,0.0,179,599.45,11.03,4
0041400101,1610612737,203118,88.98182,20.44728,0.0,179,599.45,11.03,4
0041400101,1610612737,203145,75.78007,13.24795,0.0,179,599.45,11.03,4
0041400101,1610612737,203471,75.57133,28.60941,0.0,179,599.45,11.03,4
0041400101,1610612737,203544,88.58446,9.50326,0.0,179,599.45,11.03,4
0041400101,1610612751,2207,60.7267,16.97644,0.0,179,599.45,11.03,4
0041400101,1610612751,101187,67.30631,38.58032,0.0,179,599.45,11.03,4
0041400101,1610612751,101127,89.25872,2.90117,0.0,179,599.45,11.03,4
0041400101,1610612751,201947,83.66136,42.09966,0.0,179,599.45,11.03,4
0041400101,1610612751,203486,83.46124,8.51319,0.0,179,599.45,11.03,4
0041400101,-1,-1,90.4215,3.98772,2.32848,180,599.41,10.99,4
0041400101,1610612737,2594,85.87111,5.40353,0.0,180,599.41,10.99,4
0041400101,1610612737,203118,89.01515,20.22406,0.0,180,599.41,10.99,4
0041400101,1610612737,203145,75.78299,13.3648,0.0,180,599.41,10.99,4
0041400101,1610612737,203471,75.70923,28.60192,0.0,180,599.41,10.99,4
0041400101,1610612737,203544,88.69877,9.18759,0.0,180,599.41,10.99,4
0041400101,1610612751,2207,60.60905,17.18885,0.0,180,599.41,10.99,4
0041400101,1610612751,101187,67.52699,38.83054,0.0,180,599.41,10.99,4
0041400101,1610612751,101127,89.1936,2.99407,0.0,180,599.41,10.99,4
0041400101,1610612751,201947,83.90493,42.1335,0.0,180,599.41,10.99,4
0041400101,1610612751,203486,83.41721,8.53636,0.0,180,599.41,10.99,4
0041400101,-1,-1,90.24812,4.24936,2.18334,181,599.37,10.95,4
0041400101,1610612737,2594,85.87757,5.34654,0.0,181,599.37,10.95,4
0041400101,1610612737,203118,89.05008,19.98876,0.0,181,599.37,10.95,4
0041400101,1610612737,203145,75.81769,13.46221,0.0,181,599.37,10.95,4
0041400101,1610612737,203471,75.84523,28.59528,0.0,181,599.37,10.95,4
0041400101,1610612737,203544,88.81124,8.87847,0.0,181,599.37,10.95,4
0041400101,1610612751,2207,60.48156,17.40317,0.0,181,599.37,10.95,4
0041400101,1610612751,101187,67.74793,39.07648,0.0,181,599.37,10.95,4
0041400101,1610612751,101127,89.11278,3.14324,0.0,181,599.37,10.95,4
0041400101,1610612751,201947,84.14091,42.16969,0.0,181,599.37,10.95,4
0041400101,1610612751,203486,83.37234,8.59739,0.0,181,599.37,10.95,4
0041400101,-1,-1,90.07475,4.511,2.03819,182,599.33,10.91,4
0041400101,1610612737,2594,85.88846,5.28545,0.0,182,599.33,10.91,4
0041400101,1610612737,203118,89.07101,19.76326,0.0,182,599.33,10.91,4
0041400101,1610612737,203145,75.87715,13.5673,0.0,182,599.33,10.91,4
0041400101,1610612737,203471,75.98725,28.59602,0.0,182,599.33,10.91,4
0041400101,1610612737,203544,88.92087,8.58485,0.0,182,599.33,10.91,4
0041400101,1610612751,2207,60.36014,17.59992,0.0,182,599.33,10.91,4
0041400101,1610612751,101187,67.96622,39.31963,0.0,182,599.33,10.91,4
0041400101,1610612751,101127,89.03035,3.289,0.0,182,599.33,10.91,4
0041400101,1610612751,201947,84.37127,42.20826,0.0,182,599.33,10.91,4
0041400101,1610612751,203486,83.30831,8.69581,0.0,182,599.33,10.91,4
0041400101,-1,-1,89.90138,4.77263,1.89304,183,599.29,10.87,4
0041400101,1610612737,2594,85.91003,5.23204,0.0,183,599.29,10.87,4
0041400101,1610612737,203118,89.084,19.5433,0.0,183,599.29,10.87,4
0041400101,1610612737,203145,75.96841,13.65762,0.0,183,599.29,10.87,4
0041400101,1610612737,203471,76.12751,28.60292,0.0,183,599.29,10.87,4
0041400101,1610612737,203544,89.02286,8.3227,0.0,183,599.29,10.87,4
0041400101,1610612751,2207,60.23817,17.79519,0.0,183,599.29,10.87,4
0041400101,1610612751,101187,68.19086,39.56486,0.0,183,599.29,10.87,4
0041400101,1610612751,101127,88.95445,3.35895,0.0,183,599.29,10.87,4
0041400101,1610612751,201947,84.59277,42.24768,0.0,183,599.29,10.87,4
0041400101,1610612751,203486,83.234,8.82572,0.0,183,599.29,10.87,4
0041400101,-1,-1,89.89271,4.50366,1.85325,184,599.25,10.83,4
0041400101,1610612737,2594,85.92988,5.17566,0.0,184,599.25,10.83,4
0041400101,1610612737,203118,89.08856,19.31897,0.0,184,599.25,10.83,4
0041400101,1610612737,203145,76.08022,13.74799,0.0,184,599.25,10.83,4
0041400101,1610612737,203471,76.26386,28.6132,0.0,184,599.25,10.83,4
0041400101,1610612737,203544,89.11214,8.09998,0.0,184,599.25,10.83,4
0041400101,1610612751,2207,60.1217,17.98032,0.0,184,599.25,10.83,4
0041400101,1610612751,101187,68.41441,39.80554,0.0,184,599.25,10.83,4
0041400101,1610612751,101127,88.91844,3.39239,0.0,184,599.25,10.83,4
0041400101,1610612751,201947,84.81185,42.29321,0.0,184,599.25,10.83,4
0041400101,1610612751,203486,83.15652,8.99918,0.0,184,599.25,10.83,4
0041400101,-1,-1,89.88404,4.23469,1.81345,185,599.21,10.79,4
0041400101,1610612737,2594,85.9371,5.10766,0.0,185,599.21,10.79,4
0041400101,1610612737,203118,89.08915,19.09068,0.0,185,599.21,10.79,4
0041400101,1610612737,203145,76.1998,13.82718,0.0,185,599.21,10.79,4
0041400101,1610612737,203471,76.39996,28.62504,0.0,185,599.21,10.79,4
0041400101,1610612737,203544,89.19001,7.93157,0.0,185,599.21,10.79,4
0041400101,1610612751,2207,60.0016,18.13952,0.0,185,599.21,10.79,4
0041400101,1610612751,101187,68.63582,40.03559,0.0,185,599.21,10.79,4
0041400101,1610612751,101127,88.89861,3.41641,0.0,185,599.21,10.79,4
0041400101,1610612751,201947,85.03151,42.34312,0.0,185,599.21,10.79,4
0041400101,1610612751,203486,83.08108,9.19391,0.0,185,599.21,10.79,4
0041400101,-1,-1,89.87537,3.96571,1.77365,186,599.17,10.75,4
0041400101,1610612737,2594,85.95575,5.04955,0.0,186,599.17,10.75,4
0041400101,1610612737,203118,89.07314,18.87131,0.0,186,599.17,10.75,4
0041400101,1610612737,203145,76.32111,13.89549,0.0,186,599.17,10.75,4
0041400101,1610612737,203471,76.53714,28.64767,0.0,186,599.17,10.75,4
0041400101,1610612737,203544,89.25023,7.77866,0.0,186,599.17,10.75,4
0041400101,1610612751,2207,59.88253,18.27319,0.0,186,599.17,10.75,4
0041400101,1610612751,101187,68.85886,40.24701,0.0,186,599.17,10.75,4
0041400101,1610612751,101127,88.89577,3.42468,0.0,186,599.17,10.75,4
0041400101,1610612751,201947,85.24477,42.39697,0.0,186,599.17,10.75,4
0041400101,1610612751,203486,83.00756,9.40794,0.0,186,599.17,10.75,4
0041400101,-1,-1,89.86669,3.69674,1.73385,187,599.13,10.71,4
0041400101,1610612737,2594,85.97038,4.99028,0.0,187,599.13,10.71,4
0041400101,1610612737,203118,89.04498,18.65522,0.0,187,599.13,10.71,4
0041400101,1610612737,203145,76.45893,13.96292,0.0,187,599.13,10.71,4
0041400101,1610612737,203471,76.67039,28.67869,0.0,187,599.13,10.71,4
0041400101,1610612737,203544,89.30779,7.65247,0.0,187,599.13,10.71,4
0041400101,1610612751,2207,59.76625,18.38967,0.0,187,599.13,10.71,4
0041400101,1610612751,101187,69.0991,40.43411,0.0,187,599.13,10.71,4
0041400101,1610612751,101127,88.90506,3.42622,0.0,187,599.13,10.71,4
0041400101,1610612751,201947,85.44885,42.55801,0.0,187,599.13,10.71,4
0041400101,1610612751,203486,82.92598,9.63941,0.0,187,599.13,10.71,4
0041400101,-1,-1,89.85802,3.42776,1.69406,188,599.09,10.67,4
0041400101,1610612737,2594,85.98144,4.92485,0.0,188,599.09,10.67,4
0041400101,1610612737,203118,88.98947,18.44873,0.0,188,599.09,10.67,4
0041400101,1610612737,203145,76.63307,14.02884,0.0,188,599.09,10.67,4
0041400101,1610612737,203471,76.80349,28.7099,0.0,188,599.09,10.67,4
0041400101,1610612737,203544,89.36157,7.5564,0.0,188,599.09,10.67,4
0041400101,1610612751,2207,59.65303,18.48743,0.0,188,599.09,10.67,4
0041400101,1610612751,101187,69.3502,40.59891,0.0,188,599.09,10.67,4
0041400101,1610612751,101127,88.92769,3.41032,0.0,188,599.09,10.67,4
0041400101,1610612751,201947,85.65867,42.7264,0.0,188,599.09,10.67,4
0041400101,1610612751,203486,82.83075,9.91259,0.0,188,599.09,10.67,4
0041400101,-1,-1,89.84935,3.15879,1.65426,189,599.05,10.63,4
0041400101,1610612737,2594,85.99503,4.86215,0.0,189,599.05,10.63,4
0041400101,1610612737,203118,88.91778,18.24666,0.0,189,599.05,10.63,4
0041400101,1610612737,203145,76.81633,14.08594,0.0,189,599.05,10.63,4
0041400101,1610612737,203471,76.93551,28.73913,0.0,189,599.05,10.63,4
0041400101,1610612737,203544,89.40441,7.48372,0.0,189,599.05,10.63,4
0041400101,1610612751,2207,59.54318,18.55679,0.0,189,599.05,10.63,4
0041400101,1610612751,101187,69.6141,40.74782,0.0,189,599.05,10.63,4
0041400101,1610612751,101127,88.9531,3.39779,0.0,189,599.05,10.63,4
0041400101,1610612751,201947,85.84179,42.90622,0.0,189,599.05,10.63,4
0041400101,1610612751,203486,82.73224,10.1714,0.0,189,599.05,10.63,4
0041400101,-1,-1,89.84068,2.88981,1.61446,190,599.01,10.59,4
0041400101,1610612737,2594,86.00589,4.80336,0.0,190,599.01,10.59,4
0041400101,1610612737,203118,88.87374,18.05775,0.0,190,599.01,10.59,4
0041400101,1610612737,203145,77.00896,14.14052,0.0,190,599.01,10.59,4
0041400101,1610612737,203471,77.06982,28.77447,0.0,190,599.01,10.59,4
0041400101,1610612737,203544,89.4604,7.39901,0.0,190,599.01,10.59,4
0041400101,1610612751,2207,59.43124,18.6007,0.0,190,599.01,10.59,4
0041400101,1610612751,101187,69.8913,40.8781,0.0,190,599.01,10.59,4
0041400101,1610612751,101127,88.99711,3.38567,0.0,190,599.01,10.59,4
0041400101,1610612751,201947,85.99621,43.07453,0.0,190,599.01,10.59,4
0041400101,1610612751,203486,82.64606,10.44232,0.0,190,599.01,10.59,4
0041400101,-1,-1,89.47769,2.21981,2.13304,191,598.97,10.55,4
0041400101,1610612737,2594,86.01214,4.75117,0.0,191,598.97,10.55,4
0041400101,1610612737,203118,88.75901,17.89503,0.0,191,598.97,10.55,4
0041400101,1610612737,203145,77.22673,14.18741,0.0,191,598.97,10.55,4
0041400101,1610612737,203471,77.2029,28.81282,0.0,191,598.97,10.55,4
0041400101,1610612737,203544,89.51498,7.32957,0.0,191,598.97,10.55,4
0041400101,1610612751,2207,59.32867,18.62681,0.0,191,598.97,10.55,4
0041400101,1610612751,101187,70.18175,40.99512,0.0,191,598.97,10.55,4
0041400101,1610612751,101127,89.0453,3.37976,0.0,191,598.97,10.55,4
0041400101,1610612751,201947,86.17321,43.16473,0.0,191,598.97,10.55,4
0041400101,1610612751,203486,82.55793,10.69781,0.0,191,598.97,10.55,4
0041400101,-1,-1,89.11471,1.54981,2.65161,192,598.93,10.51,4
0041400101,1610612737,2594,86.00766,4.69234,0.0,192,598.93,10.51,4
0041400101,1610612737,203118,88.69143,17.74596,0.0,192,598.93,10.51,4
0041400101,1610612737,203145,77.44838,14.23459,0.0,192,598.93,10.51,4
0041400101,1610612737,203471,77.33859,28.84992,0.0,192,598.93,10.51,4
0041400101,1610612737,203544,89.56038,7.27908,0.0,192,598.93,10.51,4
0041400101,1610612751,2207,59.22208,18.62648,0.0,192,598.93,10.51,4
0041400101,1610612751,101187,70.49108,41.09825,0.0,192,598.93,10.51,4
0041400101,1610612751,101127,89.09996,3.37687,0.0,192,598.93,10.51,4
0041400101,1610612751,201947,86.34437,43.25915,0.0,192,598.93,10.51,4
0041400101,1610612751,203486,82.45765,10.96092,0.0,192,598.93,10.51,4
0041400101,-1,-1,89.94236,1.88052,2.69893,193,598.89,10.47,4
0041400101,1610612737,2594,85.99634,4.62924,0.0,193,598.89,10.47,4
0041400101,1610612737,203118,88.60991,17.60298,0.0,193,598.89,10.47,4
0041400101,1610612737,203145,77.67693,14.28015,0.0,193,598.89,10.47,4
0041400101,1610612737,203471,77.47636,28.88945,0.0,193,598.89,10.47,4
0041400101,1610612737,203544,89.59401,7.2385,0.0,193,598.89,10.47,4
0041400101,1610612751,2207,59.11309,18.61249,0.0,193,598.89,10.47,4
0041400101,1610612751,101187,70.80894,41.18726,0.0,193,598.89,10.47,4
0041400101,1610612751,101127,89.18371,3.37475,0.0,193,598.89,10.47,4
0041400101,1610612751,201947,86.50182,43.36081,0.0,193,598.89,10.47,4
0041400101,1610612751,203486,82.36141,11.18847,0.0,193,598.89,10.47,4
0041400101,-1,-1,90.77001,2.21123,2.74624,194,598.85,10.43,4
0041400101,1610612737,2594,85.9814,4.54751,0.0,194,598.85,10.43,4
0041400101,1610612737,203118,88.51564,17.48223,0.0,194,598.85,10.43,4
0041400101,1610612737,203145,77.9034,14.32678,0.0,194,598.85,10.43,4
0041400101,1610612737,203471,77.61459,28.92687,0.0,194,598.85,10.43,4
0041400101,1610612737,203544,89.63416,7.20026,0.0,194,598.85,10.43,4
0041400101,1610612751,2207,59.00024,18.56663,0.0,194,598.85,10.43,4
0041400101,1610612751,101187,71.14074,41.2643,0.0,194,598.85,10.43,4
0041400101,1610612751,101127,89.27687,3.37879,0.0,194,598.85,10.43,4
0041400101,1610612751,201947,86.6479,43.46694,0.0,194,598.85,10.43,4
0041400101,1610612751,203486,82.26098,11.40353,0.0,194,598.85,10.43,4
0041400101,-1,-1,90.55464,2.23101,2.84634,195,598.81,10.39,4
0041400101,1610612737,2594,85.96532,4.45765,0.0,195,598.81,10.39,4
0041400101,1610612737,203118,88.40864,17.3678,0.0,195,598.81,10.39,4
0041400101,1610612737,203145,78.11049,14.36523,0.0,195,598.81,10.39,4
0041400101,1610612737,203471,77.75402,28.96429,0.0,195,598.81,10.39,4
0041400101,1610612737,203544,89.67396,7.13373,0.0,195,598.81,10.39,4
0041400101,1610612751,2207,58.86019,18.49248,0.0,195,598.81,10.39,4
0041400101,1610612751,101187,71.4893,41.34468,0.0,195,598.81,10.39,4
0041400101,1610612751,101127,89.39608,3.35679,0.0,195,598.81,10.39,4
0041400101,1610612751,201947,86.77935,43.57739,0.0,195,598.81,10.39,4
0041400101,1610612751,203486,82.1503,11.62035,0.0,195,598.81,10.39,4
0041400101,-1,-1,90.33927,2.25078,2.94644,196,598.77,10.35,4
0041400101,1610612737,2594,85.96222,4.37417,0.0,196,598.77,10.35,4
0041400101,1610612737,203118,88.28856,17.26508,0.0,196,598.77,10.35,4
0041400101,1610612737,203145,78.29114,14.39823,0.0,196,598.77,10.35,4
0041400101,1610612737,203471,77.89538,29.00605,0.0,196,598.77,10.35,4
0041400101,1610612737,203544,89.71991,7.06252,0.0,196,598.77,10.35,4
0041400101,1610612751,2207,58.73046,18.38988,0.0,196,598.77,10.35,4
0041400101,1610612751,101187,71.85287,41.41387,0.0,196,598.77,10.35,4
0041400101,1610612751,101127,89.53502,3.26469,0.0,196,598.77,10.35,4
0041400101,1610612751,201947,86.89742,43.68918,0.0,196,598.77,10.35,4
0041400101,1610612751,203486,82.02407,11.82904,0.0,196,598.77,10.35,4
0041400101,-1,-1,90.12389,2.27056,3.04653,197,598.73,10.31,4
0041400101,1610612737,2594,85.95914,4.30383,0.0,197,598.73,10.31,4
0041400101,1610612737,203118,88.11049,17.16716,0.0,197,598.73,10.31,4
0041400101,1610612737,203145,78.45258,14.41171,0.0,197,598.73,10.31,4
0041400101,1610612737,203471,78.0279,29.04591,0.0,197,598.73,10.31,4
0041400101,1610612737,203544,89.77769,6.98426,0.0,197,598.73,10.31,4
0041400101,1610612751,2207,58.60447,18.27416,0.0,197,598.73,10.31,4
0041400101,1610612751,101187,72.23608,41.47055,0.0,197,598.73,10.31,4
0041400101,1610612751,101127,89.68143,3.16538,0.0,197,598.73,10.31,4
0041400101,1610612751,201947,86.99235,43.80827,0.0,197,598.73,10.31,4
0041400101,1610612751,203486,81.91278,12.0169,0.0,197,598.73,10.31,4
0041400101,-1,-1,89.90852,2.29034,3.14663,198,598.69,10.27,4
0041400101,1610612737,2594,85.95358,4.23803,0.0,198,598.69,10.27,4
0041400101,1610612737,203118,87.91649,17.08212,0.0,198,598.69,10.27,4
0041400101,1610612737,203145,78.58413,14.40888,0.0,198,598.69,10.27,4
0041400101,1610612737,203471,78.15435,29.08075,0.0,198,598.69,10.27,4
0041400101,1610612737,203544,89.82462,6.89143,0.0,198,598.69,10.27,4
0041400101,1610612751,2207,58.48317,18.14268,0.0,198,598.69,10.27,4
0041400101,1610612751,101187,72.63307,41.50656,0.0,198,598.69,10.27,4
0041400101,1610612751,101127,89.82551,3.12819,0.0,198,598.69,10.27,4
0041400101,1610612751,201947,87.07289,43.93753,0.0,198,598.69,10.27,4
0041400101,1610612751,203486,81.79318,12.1847,0.0,198,598.69,10.27,4
0041400101,-1,-1,89.69315,2.31012,3.24673,199,598.65,10.23,4
0041400101,1610612737,2594,85.95725,4.17869,0.0,199,598.65,10.23,4
0041400101,1610612737,203118,87.71229,17.00839,0.0,199,598.65,10.23,4
0041400101,1610612737,203145,78.70629,14.40455,0.0,199,598.65,10.23,4
0041400101,1610612737,203471,78.27436,29.11384,0.0,199,598.65,10.23,4
0041400101,1610612737,203544,89.86463,6.78246,0.0,199,598.65,10.23,4
0041400101,1610612751,2207,58.36037,17.99819,0.0,199,598.65,10.23,4
0041400101,1610612751,101187,73.04673,41.52892,0.0,199,598.65,10.23,4
0041400101,1610612751,101127,89.93329,3.11353,0.0,199,598.65,10.23,4
0041400101,1610612751,201947,87.13534,44.06547,0.0,199,598.65,10.23,4
0041400101,1610612751,203486,81.66304,12.32369,0.0,199,598.65,10.23,4
0041400101,-1,-1,89.47777,2.3299,3.34683,200,598.61,10.19,4
0041400101,1610612737,2594,85.97937,4.12945,0.0,200,598.61,10.19,4
0041400101,1610612737,203118,87.49804,16.94516,0.0,200,598.61,10.19,4
0041400101,1610612737,203145,78.81991,14.41594,0.0,200,598.61,10.19,4
0041400101,1610612737,203471,78.38472,29.14336,0.0,200,598.61,10.19,4
0041400101,1610612737,203544,89.90521,6.6584,0.0,200,598.61,10.19,4
0041400101,1610612751,2207,58.25187,17.85001,0.0,200,598.61,10.19,4
0041400101,1610612751,101187,73.4766,41.53812,0.0,200,598.61,10.19,4
0041400101,1610612751,101127,90.02631,3.10675,0.0,200,598.61,10.19,4
0041400101,1610612751,201947,87.18868,44.19431,0.0,200,598.61,10.19,4
0041400101,1610612751,203486,81.57332,12.42107,0.0,200,598.61,10.19,4
0041400101,-1,-1,89.2624,2.34968,3.44692,201,598.57,10.15,4
0041400101,1610612737,2594,86.02656,4.08418,0.0,201,598.57,10.15,4
0041400101,1610612737,203118,87.27913,16.8903,0.0,201,598.57,10.15,4
0041400101,1610612737,203145,78.92987,14.43402,0.0,201,598.57,10.15,4
0041400101,1610612737,203471,78.48165,29.17177,0.0,201,598.57,10.15,4
0041400101,1610612737,203544,89.95063,6.53715,0.0,201,598.57,10.15,4
0041400101,1610612751,2207,58.13505,17.67483,0.0,201,598.57,10.15,4
0041400101,1610612751,101187,73.92237,41.53693,0.0,201,598.57,10.15,4
0041400101,1610612751,101127,90.11261,3.11794,0.0,201,598.57,10.15,4
0041400101,1610612751,201947,87.22729,44.32317,0.0,201,598.57,10.15,4
0041400101,1610612751,203486,81.46523,12.50994,0.0,201,598.57,10.15,4
0041400101,-1,-1,89.04703,2.36946,3.54702,202,598.53,10.11,4
0041400101,1610612737,2594,86.08904,4.04118,0.0,202,598.53,10.11,4
0041400101,1610612737,203118,87.0743,16.85704,0.0,202,598.53,10.11,4
0041400101,1610612737,203145,79.01979,14.43762,0.0,202,598.53,10.11,4
0041400101,1610612737,203471,78.56955,29.19556,0.0,202,598.53,10.11,4
0041400101,1610612737,203544,89.9877,6.40017,0.0,202,598.53,10.11,4
0041400101,1610612751,2207,58.02555,17.47929,0.0,202,598.53,10.11,4
0041400101,1610612751,101187,74.35839,41.50706,0.0,202,598.53,10.11,4
0041400101,1610612751,101127,90.17578,3.13678,0.0,202,598.53,10.11,4
0041400101,1610612751,201947,87.27688,44.40844,0.0,202,598.53,10.11,4
0041400101,1610612751,203486,81.38009,12.5793,0.0,202,598.53,10.11,4
0041400101,-1,-1,88.83165,2.38924,3.64712,203,598.49,10.07,4
0041400101,1610612737,2594,86.15287,4.01514,0.0,203,598.49,10.07,4
0041400101,1610612737,203118,86.88358,16.82898,0.0,203,598.49,10.07,4
0041400101,1610612737,203145,79.09647,14.43705,0.0,203,598.49,10.07,4
0041400101,1610612737,203471,78.6461,29.22089,0.0,203,598.49,10.07,4
0041400101,1610612737,203544,90.02047,6.24702,0.0,203,598.49,10.07,4
0041400101,1610612751,2207,57.92044,17.25952,0.0,203,598.49,10.07,4
0041400101,1610612751,101187,74.79302,41.45619,0.0,203,598.49,10.07,4
0041400101,1610612751,101127,90.21937,3.15147,0.0,203,598.49,10.07,4
0041400101,1610612751,201947,87.2897,44.48583,0.0,203,598.49,10.07,4
0041400101,1610612751,203486,81.28602,12.6121,0.0,203,598.49,10.07,4
0041400101,-1,-1,88.61628,2.40902,3.74721,204,598.45,10.03,4
0041400101,1610612737,2594,86.23044,3.98602,0.0,204,598.45,10.03,4
0041400101,1610612737,203118,86.70456,16.81411,0.0,204,598.45,10.03,4
0041400101,1610612737,203145,79.15173,14.41624,0.0,204,598.45,10.03,4
0041400101,1610612737,203471,78.71756,29.24433,0.0,204,598.45,10.03,4
0041400101,1610612737,203544,90.03112,6.11493,0.0,204,598.45,10.03,4
0041400101,1610612751,2207,57.81965,17.02348,0.0,204,598.45,10.03,4
0041400101,1610612751,101187,75.22083,41.38598,0.0,204,598.45,10.03,4
0041400101,1610612751,101127,90.2564,3.14159,0.0,204,598.45,10.03,4
0041400101,1610612751,201947,87.32281,44.56013,0.0,204,598.45,10.03,4
0041400101,1610612751,203486,81.17027,12.64312,0.0,204,598.45,10.03,4
0041400101,-1,-1,88.40091,2.42879,3.84731,205,598.4,9.99,4
0041400101,1610612737,2594,86.31934,3.9577,0.0,205,598.4,9.99,4
0041400101,1610612737,203118,86.48802,16.80978,0.0,205,598.4,9.99,4
0041400101,1610612737,203145,79.18514,14.38015,0.0,205,598.4,9.99,4
0041400101,1610612737,203471,78.77863,29.26685,0.0,205,598.4,9.99,4
0041400101,1610612737,203544,90.04419,5.98348,0.0,205,598.4,9.99,4
0041400101,1610612751,2207,57.72492,16.77359,0.0,205,598.4,9.99,4
0041400101,1610612751,101187,75.64648,41.29699,0.0,205,598.4,9.99,4
0041400101,1610612751,101127,90.29104,3.1151,0.0,205,598.4,9.99,4
0041400101,1610612751,201947,87.32163,44.68227,0.0,205,598.4,9.99,4
0041400101,1610612751,203486,81.03723,12.64218,0.0,205,598.4,9.99,4
0041400101,-1,-1,88.18553,2.44857,3.94741,206,598.36,9.95,4
0041400101,1610612737,2594,86.41836,3.92509,0.0,206,598.36,9.95,4
0041400101,1610612737,203118,86.34033,16.80036,0.0,206,598.36,9.95,4
0041400101,1610612737,203145,79.18779,14.34229,0.0,206,598.36,9.95,4
0041400101,1610612737,203471,78.83541,29.28906,0.0,206,598.36,9.95,4
0041400101,1610612737,203544,90.05307,5.84143,0.0,206,598.36,9.95,4
0041400101,1610612751,2207,57.63227,16.51408,0.0,206,598.36,9.95,4
0041400101,1610612751,101187,76.06714,41.16482,0.0,206,598.36,9.95,4
0041400101,1610612751,101127,90.32703,3.09574,0.0,206,598.36,9.95,4
0041400101,1610612751,201947,87.28752,44.85815,0.0,206,598.36,9.95,4
0041400101,1610612751,203486,80.91662,12.62403,0.0,206,598.36,9.95,4
0041400101,-1,-1,87.97016,2.46835,4.0475,207,598.32,9.91,4
0041400101,1610612737,2594,86.5307,3.89873,0.0,207,598.32,9.91,4
0041400101,1610612737,203118,86.14666,16.79592,0.0,207,598.32,9.91,4
0041400101,1610612737,203145,79.15691,14.29932,0.0,207,598.32,9.91,4
0041400101,1610612737,203471,78.89186,29.30934,0.0,207,598.32,9.91,4
0041400101,1610612737,203544,90.06429,5.68716,0.0,207,598.32,9.91,4
0041400101,1610612751,2207,57.55704,16.26577,0.0,207,598.32,9.91,4
0041400101,1610612751,101187,76.48284,41.01908,0.0,207,598.32,9.91,4
0041400101,1610612751,101127,90.36786,3.07616,0.0,207,598.32,9.91,4
0041400101,1610612751,201947,87.25012,45.03752,0.0,207,598.32,9.91,4
0041400101,1610612751,203486,80.80332,12.56465,0.0,207,598.32,9.91,4
0041400101,-1,-1,87.75479,2.48813,4.1476,208,598.28,9.87,4
0041400101,1610612737,2594,86.65213,3.85893,0.0,208,598.28,9.87,4
0041400101,1610612737,203118,85.96188,16.80015,0.0,208,598.28,9.87,4
0041400101,1610612737,203145,79.09817,14.25662,0.0,208,598.28,9.87,4
0041400101,1610612737,203471,78.94397,29.33531,0.0,208,598.28,9.87,4
0041400101,1610612737,203544,90.11516,5.48436,0.0,208,598.28,9.87,4
0041400101,1610612751,2207,57.4953,16.00915,0.0,208,598.28,9.87,4
0041400101,1610612751,101187,76.92363,40.86291,0.0,208,598.28,9.87,4
0041400101,1610612751,101127,90.39024,3.1218,0.0,208,598.28,9.87,4
0041400101,1610612751,201947,87.20643,45.22302,0.0,208,598.28,9.87,4
0041400101,1610612751,203486,80.67918,12.51028,0.0,208,598.28,9.87,4
0041400101,-1,-1,88.36509,2.22128,4.26152,209,598.24,9.83,4
0041400101,1610612737,2594,86.77874,3.82407,0.0,209,598.24,9.83,4
0041400101,1610612737,203118,85.78725,16.79702,0.0,209,598.24,9.83,4
0041400101,1610612737,203145,79.01535,14.21214,0.0,209,598.24,9.83,4
0041400101,1610612737,203471,78.99546,29.36511,0.0,209,598.24,9.83,4
0041400101,1610612737,203544,90.15195,5.28345,0.0,209,598.24,9.83,4
0041400101,1610612751,2207,57.43514,15.75164,0.0,209,598.24,9.83,4
0041400101,1610612751,101187,77.38514,40.71908,0.0,209,598.24,9.83,4
0041400101,1610612751,101127,90.41146,3.15722,0.0,209,598.24,9.83,4
0041400101,1610612751,201947,87.15694,45.40005,0.0,209,598.24,9.83,4
0041400101,1610612751,203486,80.55876,12.44517,0.0,209,598.24,9.83,4
0041400101,-1,-1,88.9754,1.95442,4.37543,210,598.2,9.79,4
0041400101,1610612737,2594,86.91306,3.78599,0.0,210,598.2,9.79,4
0041400101,1610612737,203118,85.63119,16.79768,0.0,210,598.2,9.79,4
0041400101,1610612737,203145,78.91081,14.15543,0.0,210,598.2,9.79,4
0041400101,1610612737,203471,79.05026,29.39917,0.0,210,598.2,9.79,4
0041400101,1610612737,203544,90.20661,5.07206,0.0,210,598.2,9.79,4
0041400101,1610612751,2207,57.38089,15.48908,0.0,210,598.2,9.79,4
0041400101,1610612751,101187,77.85411,40.54756,0.0,210,598.2,9.79,4
0041400101,1610612751,101127,90.46864,3.1585,0.0,210,598.2,9.79,4
0041400101,1610612751,201947,87.10186,45.52087,0.0,210,598.2,9.79,4
0041400101,1610612751,203486,80.4687,12.34546,0.0,210,598.2,9.79,4
0041400101,-1,-1,89.58571,1.68757,4.48935,211,598.16,9.75,4
0041400101,1610612737,2594,87.08748,3.77437,0.0,211,598.16,9.75,4
0041400101,1610612737,203118,85.48759,16.80395,0.0,211,598.16,9.75,4
0041400101,1610612737,203145,78.77363,14.09518,0.0,211,598.16,9.75,4
0041400101,1610612737,203471,79.10657,29.43224,0.0,211,598.16,9.75,4
0041400101,1610612737,203544,90.23431,4.89403,0.0,211,598.16,9.75,4
0041400101,1610612751,2207,57.33442,15.22606,0.0,211,598.16,9.75,4
0041400101,1610612751,101187,78.32229,40.35484,0.0,211,598.16,9.75,4
0041400101,1610612751,101127,90.50558,3.17924,0.0,211,598.16,9.75,4
0041400101,1610612751,201947,87.0311,45.64375,0.0,211,598.16,9.75,4
0041400101,1610612751,203486,80.39464,12.21279,0.0,211,598.16,9.75,4
0041400101,-1,-1,90.19601,1.42071,4.60326,212,598.12,9.71,4
0041400101,1610612737,2594,87.29235,3.77254,0.0,212,598.12,9.71,4
0041400101,1610612737,203118,85.39164,16.82084,0.0,212,598.12,9.71,4
0041400101,1610612737,203145,78.61037,14.02961,0.0,212,598.12,9.71,4
0041400101,1610612737,203471,79.16306,29.46788,0.0,212,598.12,9.71,4
0041400101,1610612737,203544,90.266,4.71174,0.0,212,598.12,9.71,4
0041400101,1610612751,2207,57.2888,14.95009,0.0,212,598.12,9.71,4
0041400101,1610612751,101187,78.79375,40.1457,0.0,212,598.12,9.71,4
0041400101,1610612751,101127,90.54819,3.18942,0.0,212,598.12,9.71,4
0041400101,1610612751,201947,86.95667,45.75457,0.0,212,598.12,9.71,4
0041400101,1610612751,203486,80.32516,12.0627,0.0,212,598.12,9.71,4
0041400101,-1,-1,88.71774,3.03354,5.14044,213,598.08,9.67,4
0041400101,1610612737,2594,87.52777,3.78943,0.0,213,598.08,9.67,4
0041400101,1610612737,203118,85.31629,16.83908,0.0,213,598.08,9.67,4
0041400101,1610612737,203145,78.4241,13.95051,0.0,213,598.08,9.67,4
0041400101,1610612737,203471,79.22132,29.50707,0.0,213,598.08,9.67,4
0041400101,1610612737,203544,90.27885,4.50668,0.0,213,598.08,9.67,4
0041400101,1610612751,2207,57.24329,14.65763,0.0,213,598.08,9.67,4
0041400101,1610612751,101187,79.26939,39.90722,0.0,213,598.08,9.67,4
0041400101,1610612751,101127,90.55757,3.17456,0.0,213,598.08,9.67,4
0041400101,1610612751,201947,86.85758,45.8621,0.0,213,598.08,9.67,4
0041400101,1610612751,203486,80.26271,11.90054,0.0,213,598.08,9.67,4
0041400101,-1,-1,88.15589,3.59551,5.22174,214,598.04,9.63,4
0041400101,1610612737,2594,87.73503,3.76963,0.0,214,598.04,9.63,4
0041400101,1610612737,203118,85.25799,16.86378,0.0,214,598.04,9.63,4
0041400101,1610612737,203145,78.19869,13.85475,0.0,214,598.04,9.63,4
0041400101,1610612737,203471,79.28039,29.54845,0.0,214,598.04,9.63,4
0041400101,1610612737,203544,90.32909,4.3389,0.0,214,598.04,9.63,4
0041400101,1610612751,2207,57.19476,14.35828,0.0,214,598.04,9.63,4
0041400101,1610612751,101187,79.74863,39.65378,0.0,214,598.04,9.63,4
0041400101,1610612751,101127,90.58827,3.18952,0.0,214,598.04,9.63,4
0041400101,1610612751,201947,86.73577,45.97693,0.0,214,598.04,9.63,4
0041400101,1610612751,203486,80.20942,11.72413,0.0,214,598.04,9.63,4
0041400101,-1,-1,88.35505,3.16143,4.62719,215,598.0,9.59,4
0041400101,1610612737,2594,87.96085,3.77888,0.0,215,598.0,9.59,4
0041400101,1610612737,203118,85.20983,16.90399,0.0,215,598.0,9.59,4
0041400101,1610612737,203145,77.94969,13.75175,0.0,215,598.0,9.59,4
0041400101,1610612737,203471,79.34218,29.59548,0.0,215,598.0,9.59,4
0041400101,1610612737,203544,90.35362,4.14481,0.0,215,598.0,9.59,4
0041400101,1610612751,2207,57.14252,14.04878,0.0,215,598.0,9.59,4
0041400101,1610612751,101187,80.22802,39.39896,0.0,215,598.0,9.59,4
0041400101,1610612751,101127,90.5956,3.16411,0.0,215,598.0,9.59,4
0041400101,1610612751,201947,86.59518,46.08815,0.0,215,598.0,9.59,4
0041400101,1610612751,203486,80.1112,11.57397,0.0,215,598.0,9.59,4
0041400101,-1,-1,88.54703,2.72868,3.8103,216,597.96,9.55,4
0041400101,1610612737,2594,88.14671,3.74543,0.0,216,597.96,9.55,4
0041400101,1610612737,203118,85.18497,16.94354,0.0,216,597.96,9.55,4
0041400101,1610612737,203145,77.62639,13.60318,0.0,216,597.96,9.55,4
0041400101,1610612737,203471,79.40679,29.6355,0.0,216,597.96,9.55,4
0041400101,1610612737,203544,90.4059,4.01073,0.0,216,597.96,9.55,4
0041400101,1610612751,2207,57.10543,13.75331,0.0,216,597.96,9.55,4
0041400101,1610612751,101187,80.71065,39.11814,0.0,216,597.96,9.55,4
0041400101,1610612751,101127,90.62405,3.1827,0.0,216,597.96,9.55,4
0041400101,1610612751,201947,86.43718,46.20553,0.0,216,597.96,9.55,4
0041400101,1610612751,203486,80.02871,11.40548,0.0,216,597.96,9.55,4
0041400101,-1,-1,88.73277,2.29709,2.77249,217,597.92,9.51,4
0041400101,1610612737,2594,88.34271,3.75982,0.0,217,597.92,9.51,4
0041400101,1610612737,203118,85.16346,16.97789,0.0,217,597.92,9.51,4
0041400101,1610612737,203145,77.28215,13.46454,0.0,217,597.92,9.51,4
0041400101,1610612737,203471,79.47961,29.67781,0.0,217,597.92,9.51,4
0041400101,1610612737,203544,90.44519,3.8401,0.0,217,597.92,9.51,4
0041400101,1610612751,2207,57.06979,13.46039,0.0,217,597.92,9.51,4
0041400101,1610612751,101187,81.2003,38.83769,0.0,217,597.92,9.51,4
0041400101,1610612751,101127,90.6446,3.14715,0.0,217,597.92,9.51,4
0041400101,1610612751,201947,86.26066,46.32194,0.0,217,597.92,9.51,4
0041400101,1610612751,203486,79.94263,11.23836,0.0,217,597.92,9.51,4
0041400101,-1,-1,88.72881,2.49576,2.98284,218,597.88,9.47,4
0041400101,1610612737,2594,88.52034,3.71191,0.0,218,597.88,9.47,4
0041400101,1610612737,203118,85.15702,17.02013,0.0,218,597.88,9.47,4
0041400101,1610612737,203145,76.88841,13.31441,0.0,218,597.88,9.47,4
0041400101,1610612737,203471,79.55903,29.71315,0.0,218,597.88,9.47,4
0041400101,1610612737,203544,90.51044,3.73152,0.0,218,597.88,9.47,4
0041400101,1610612751,2207,57.03986,13.17811,0.0,218,597.88,9.47,4
0041400101,1610612751,101187,81.69374,38.5453,0.0,218,597.88,9.47,4
0041400101,1610612751,101127,90.68816,3.16353,0.0,218,597.88,9.47,4
0041400101,1610612751,201947,86.05851,46.43902,0.0,218,597.88,9.47,4
0041400101,1610612751,203486,79.87177,11.06114,0.0,218,597.88,9.47,4
0041400101,-1,-1,88.70106,3.15834,3.85032,219,597.84,9.43,4
0041400101,1610612737,2594,88.65965,3.62351,0.0,219,597.84,9.43,4
0041400101,1610612737,203118,85.15943,17.06783,0.0,219,597.84,9.43,4
0041400101,1610612737,203145,76.47028,13.16584,0.0,219,597.84,9.43,4
0041400101,1610612737,203471,79.64244,29.75207,0.0,219,597.84,9.43,4
0041400101,1610612737,203544,90.59763,3.56627,0.0,219,597.84,9.43,4
0041400101,1610612751,2207,57.00611,12.90482,0.0,219,597.84,9.43,4
0041400101,1610612751,101187,82.18112,38.2527,0.0,219,597.84,9.43,4
0041400101,1610612751,101127,90.72893,3.15915,0.0,219,597.84,9.43,4
0041400101,1610612751,201947,85.83315,46.54893,0.0,219,597.84,9.43,4
0041400101,1610612751,203486,79.82279,10.8723,0.0,219,597.84,9.43,4
0041400101,-1,-1,88.62574,4.38462,5.72954,220,597.8,9.39,4
0041400101,1610612737,2594,88.79568,3.53467,0.0,220,597.8,9.39,4
0041400101,1610612737,203118,85.17188,17.12145,0.0,220,597.8,9.39,4
0041400101,1610612737,203145,76.02155,13.03442,0.0,220,597.8,9.39,4
0041400101,1610612737,203471,79.72804,29.78816,0.0,220,597.8,9.39,4
0041400101,1610612737,203544,90.68871,3.43843,0.0,220,597.8,9.39,4
0041400101,1610612751,2207,56.97294,12.65197,0.0,220,597.8,9.39,4
0041400101,1610612751,101187,82.66468,37.95081,0.0,220,597.8,9.39,4
0041400101,1610612751,101127,90.77295,3.19091,0.0,220,597.8,9.39,4
0041400101,1610612751,201947,85.61111,46.60415,0.0,220,597.8,9.39,4
0041400101,1610612751,203486,79.77185,10.68434,0.0,220,597.8,9.39,4
0041400101,-1,-1,87.54607,4.40258,7.15139,221,597.76,9.35,4
0041400101,1610612737,2594,88.93137,3.45294,0.0,221,597.76,9.35,4
0041400101,1610612737,203118,85.18682,17.17475,0.0,221,597.76,9.35,4
0041400101,1610612737,203145,75.52906,12.91094,0.0,221,597.76,9.35,4
0041400101,1610612737,203471,79.81331,29.81892,0.0,221,597.76,9.35,4
0041400101,1610612737,203544,90.77188,3.3145,0.0,221,597.76,9.35,4
0041400101,1610612751,2207,56.94073,12.41214,0.0,221,597.76,9.35,4
0041400101,1610612751,101187,83.14547,37.65221,0.0,221,597.76,9.35,4
0041400101,1610612751,101127,90.80876,3.19866,0.0,221,597.76,9.35,4
0041400101,1610612751,201947,85.3662,46.64817,0.0,221,597.76,9.35,4
0041400101,1610612751,203486,79.72216,10.50791,0.0,221,597.76,9.35,4
0041400101,-1,-1,86.46866,4.45568,8.41654,222,597.72,9.31,4
0041400101,1610612737,2594,89.04832,3.3616,0.0,222,597.72,9.31,4
0041400101,1610612737,203118,85.20573,17.2324,0.0,222,597.72,9.31,4
0041400101,1610612737,203145,75.02536,12.78873,0.0,222,597.72,9.31,4
0041400101,1610612737,203471,79.88644,29.84882,0.0,222,597.72,9.31,4
0041400101,1610612737,203544,90.86165,3.23572,0.0,222,597.72,9.31,4
0041400101,1610612751,2207,56.90027,12.17121,0.0,222,597.72,9.31,4
0041400101,1610612751,101187,83.61484,37.34097,0.0,222,597.72,9.31,4
0041400101,1610612751,101127,90.86165,3.23572,0.0,222,597.72,9.31,4
0041400101,1610612751,201947,85.09226,46.68974,0.0,222,597.72,9.31,4
0041400101,1610612751,203486,79.6762,10.33142,0.0,222,597.72,9.31,4
0041400101,-1,-1,85.39329,4.54271,9.52376,223,597.68,9.27,4
0041400101,1610612737,2594,89.1525,3.30106,0.0,223,597.68,9.27,4
0041400101,1610612737,203118,85.22461,17.29367,0.0,223,597.68,9.27,4
0041400101,1610612737,203145,74.51186,12.65637,0.0,223,597.68,9.27,4
0041400101,1610612737,203471,79.95402,29.87307,0.0,223,597.68,9.27,4
0041400101,1610612737,203544,90.92253,3.2175,0.0,223,597.68,9.27,4
0041400101,1610612751,2207,56.86002,11.94264,0.0,223,597.68,9.27,4
0041400101,1610612751,101187,84.05901,37.01843,0.0,223,597.68,9.27,4
0041400101,1610612751,101127,90.92253,3.2175,0.0,223,597.68,9.27,4
0041400101,1610612751,201947,84.78011,46.76569,0.0,223,597.68,9.27,4
0041400101,1610612751,203486,79.63788,10.13531,0.0,223,597.68,9.27,4
0041400101,-1,-1,84.31977,4.6625,10.47184,224,597.64,9.23,4
0041400101,1610612737,2594,89.24794,3.25296,0.0,224,597.64,9.23,4
0041400101,1610612737,203118,85.2408,17.36103,0.0,224,597.64,9.23,4
0041400101,1610612737,203145,73.98415,12.51237,0.0,224,597.64,9.23,4
0041400101,1610612737,203471,80.00725,29.88569,0.0,224,597.64,9.23,4
0041400101,1610612737,203544,90.93081,3.22848,0.0,224,597.64,9.23,4
0041400101,1610612751,2207,56.83123,11.7221,0.0,224,597.64,9.23,4
0041400101,1610612751,101187,84.47181,36.65806,0.0,224,597.64,9.23,4
0041400101,1610612751,101127,90.99596,3.17123,0.0,224,597.64,9.23,4
0041400101,1610612751,201947,84.44481,46.83798,0.0,224,597.64,9.23,4
0041400101,1610612751,203486,79.60035,9.94791,0.0,224,597.64,9.23,4
0041400101,-1,-1,83.24788,4.81385,11.25956,225,597.6,9.19,4
0041400101,1610612737,2594,89.3363,3.21678,0.0,225,597.6,9.19,4
0041400101,1610612737,203118,85.23811,17.43014,0.0,225,597.6,9.19,4
0041400101,1610612737,203145,73.4419,12.35697,0.0,225,597.6,9.19,4
0041400101,1610612737,203471,80.0384,29.89516,0.0,225,597.6,9.19,4
0041400101,1610612737,203544,90.90646,3.27806,0.0,225,597.6,9.19,4
0041400101,1610612751,2207,56.82029,11.50801,0.0,225,597.6,9.19,4
0041400101,1610612751,101187,84.87045,36.28523,0.0,225,597.6,9.19,4
0041400101,1610612751,101127,91.05992,3.11978,0.0,225,597.6,9.19,4
0041400101,1610612751,201947,84.10027,46.95646,0.0,225,597.6,9.19,4
0041400101,1610612751,203486,79.55153,9.78208,0.0,225,597.6,9.19,4
0041400101,-1,-1,82.17741,4.99557,11.8857,226,597.56,9.15,4
0041400101,1610612737,2594,89.36998,3.15724,0.0,226,597.56,9.15,4
0041400101,1610612737,203118,85.22668,17.51221,0.0,226,597.56,9.15,4
0041400101,1610612737,203145,72.90015,12.17763,0.0,226,597.56,9.15,4
0041400101,1610612737,203471,80.04143,29.90698,0.0,226,597.56,9.15,4
0041400101,1610612737,203544,90.98315,3.32574,0.0,226,597.56,9.15,4
0041400101,1610612751,2207,56.82355,11.29975,0.0,226,597.56,9.15,4
0041400101,1610612751,101187,85.25546,35.90754,0.0,226,597.56,9.15,4
0041400101,1610612751,101127,91.15372,3.01724,0.0,226,597.56,9.15,4
0041400101,1610612751,201947,83.75344,47.01423,0.0,226,597.56,9.15,4
0041400101,1610612751,203486,79.49496,9.64268,0.0,226,597.56,9.15,4
0041400101,-1,-1,81.10816,5.20647,12.34902,227,597.52,9.11,4
0041400101,1610612737,2594,89.37563,3.08645,0.0,227,597.52,9.11,4
0041400101,1610612737,203118,85.22176,17.60843,0.0,227,597.52,9.11,4
0041400101,1610612737,203145,72.35972,11.99898,0.0,227,597.52,9.11,4
0041400101,1610612737,203471,80.02017,29.92035,0.0,227,597.52,9.11,4
0041400101,1610612737,203544,91.05633,3.38391,0.0,227,597.52,9.11,4
0041400101,1610612751,2207,56.84173,11.10669,0.0,227,597.52,9.11,4
0041400101,1610612751,101187,85.62523,35.51833,0.0,227,597.52,9.11,4
0041400101,1610612751,101127,91.24773,2.89503,0.0,227,597.52,9.11,4
0041400101,1610612751,201947,83.38914,47.07523,0.0,227,597.52,9.11,4
0041400101,1610612751,203486,79.44328,9.51058,0.0,227,597.52,9.11,4
0041400101,-1,-1,80.03993,5.44537,12.64832,228,597.48,9.07,4
0041400101,1610612737,2594,89.36523,3.00708,0.0,228,597.48,9.07,4
0041400101,1610612737,203118,85.2065,17.71581,0.0,228,597.48,9.07,4
0041400101,1610612737,203145,71.82184,11.83789,0.0,228,597.48,9.07,4
0041400101,1610612737,203471,79.96973,29.93512,0.0,228,597.48,9.07,4
0041400101,1610612737,203544,91.16406,3.48147,0.0,228,597.48,9.07,4
0041400101,1610612751,2207,56.86999,10.9379,0.0,228,597.48,9.07,4
0041400101,1610612751,101187,85.97837,35.1251,0.0,228,597.48,9.07,4
0041400101,1610612751,101127,91.38285,2.76888,0.0,228,597.48,9.07,4
0041400101,1610612751,201947,82.99087,47.13485,0.0,228,597.48,9.07,4
0041400101,1610612751,203486,79.39965,9.39412,0.0,228,597.48,9.07,4
0041400101,-1,-1,78.97529,5.9848,12.79886,229,597.44,9.03,4
0041400101,1610612737,2594,89.37802,2.97144,0.0,229,597.44,9.03,4
0041400101,1610612737,203118,85.17936,17.83748,0.0,229,597.44,9.03,4
0041400101,1610612737,203145,71.29109,11.68375,0.0,229,597.44,9.03,4
0041400101,1610612737,203471,79.89955,29.93066,0.0,229,597.44,9.03,4
0041400101,1610612737,203544,91.25262,3.56354,0.0,229,597.44,9.03,4
0041400101,1610612751,2207,56.91112,10.78806,0.0,229,597.44,9.03,4
0041400101,1610612751,101187,86.32259,34.71766,0.0,229,597.44,9.03,4
0041400101,1610612751,101127,91.48616,2.62448,0.0,229,597.44,9.03,4
0041400101,1610612751,201947,82.58825,47.18733,0.0,229,597.44,9.03,4
0041400101,1610612751,203486,79.36412,9.28107,0.0,229,597.44,9.03,4
0041400101,-1,-1,77.88263,5.94213,12.94317,230,597.4,8.99,4
0041400101,1610612737,2594,89.35103,2.90254,0.0,230,597.4,8.99,4
0041400101,1610612737,203118,85.14206,17.96778,0.0,230,597.4,8.99,4
0041400101,1610612737,203145,70.75992,11.51453,0.0,230,597.4,8.99,4
0041400101,1610612737,203471,79.7989,29.91081,0.0,230,597.4,8.99,4
0041400101,1610612737,203544,91.36496,3.68219,0.0,230,597.4,8.99,4
0041400101,1610612751,2207,56.96043,10.66244,0.0,230,597.4,8.99,4
0041400101,1610612751,101187,86.64817,34.29547,0.0,230,597.4,8.99,4
0041400101,1610612751,101127,91.60914,2.52665,0.0,230,597.4,8.99,4
0041400101,1610612751,201947,82.17099,47.23478,0.0,230,597.4,8.99,4
0041400101,1610612751,203486,79.33588,9.16987,0.0,230,597.4,8.99,4
0041400101,-1,-1,76.81774,6.38132,12.82813,231,597.36,8.95,4
0041400101,1610612737,2594,89.33673,2.88244,0.0,231,597.36,8.95,4
0041400101,1610612737,203118,85.0896,18.10711,0.0,231,597.36,8.95,4
0041400101,1610612737,203145,70.27612,11.37838,0.0,231,597.36,8.95,4
0041400101,1610612737,203471,79.67394,29.8848,0.0,231,597.36,8.95,4
0041400101,1610612737,203544,91.46009,3.77197,0.0,231,597.36,8.95,4
0041400101,1610612751,2207,57.01893,10.55773,0.0,231,597.36,8.95,4
0041400101,1610612751,101187,86.95686,33.88525,0.0,231,597.36,8.95,4
0041400101,1610612751,101127,91.69967,2.38582,0.0,231,597.36,8.95,4
0041400101,1610612751,201947,81.75343,47.25652,0.0,231,597.36,8.95,4
0041400101,1610612751,203486,79.31043,9.06117,0.0,231,597.36,8.95,4
0041400101,-1,-1,75.71464,6.60305,12.95284,232,597.32,8.91,4
0041400101,1610612737,2594,89.29823,2.83325,0.0,232,597.32,8.91,4
0041400101,1610612737,203118,85.01887,18.24741,0.0,232,597.32,8.91,4
0041400101,1610612737,203145,69.79224,11.24413,0.0,232,597.32,8.91,4
0041400101,1610612737,203471,79.51798,29.86225,0.0,232,597.32,8.91,4
0041400101,1610612737,203544,91.56816,3.92238,0.0,232,597.32,8.91,4
0041400101,1610612751,2207,57.08433,10.46816,0.0,232,597.32,8.91,4
0041400101,1610612751,101187,87.25471,33.47542,0.0,232,597.32,8.91,4
0041400101,1610612751,101127,91.80306,2.30286,0.0,232,597.32,8.91,4
0041400101,1610612751,201947,81.34152,47.19465,0.0,232,597.32,8.91,4
0041400101,1610612751,203486,79.27414,8.96429,0.0,232,597.32,8.91,4
0041400101,-1,-1,74.79379,7.00867,12.77943,233,597.28,8.87,4
0041400101,1610612737,2594,89.26546,2.84703,0.0,233,597.28,8.87,4
0041400101,1610612737,203118,84.9198,18.39273,0.0,233,597.28,8.87,4
0041400101,1610612737,203145,69.30564,11.11798,0.0,233,597.28,8.87,4
0041400101,1610612737,203471,79.33261,29.84422,0.0,233,597.28,8.87,4
0041400101,1610612737,203544,91.65491,4.04951,0.0,233,597.28,8.87,4
0041400101,1610612751,2207,57.15107,10.3912,0.0,233,597.28,8.87,4
0041400101,1610612751,101187,87.53511,33.07946,0.0,233,597.28,8.87,4
0041400101,1610612751,101127,91.87973,2.1801,0.0,233,597.28,8.87,4
0041400101,1610612751,201947,80.93841,47.11092,0.0,233,597.28,8.87,4
0041400101,1610612751,203486,79.23757,8.87376,0.0,233,597.28,8.87,4
0041400101,-1,-1,73.62904,7.21439,12.83439,234,597.24,8.83,4
0041400101,1610612737,2594,89.24603,2.91909,0.0,234,597.24,8.83,4
0041400101,1610612737,203118,84.79837,18.52937,0.0,234,597.24,8.83,4
0041400101,1610612737,203145,68.82108,11.00232,0.0,234,597.24,8.83,4
0041400101,1610612737,203471,79.12361,29.81937,0.0,234,597.24,8.83,4
0041400101,1610612737,203544,91.7402,4.23546,0.0,234,597.24,8.83,4
0041400101,1610612751,2207,57.22426,10.31779,0.0,234,597.24,8.83,4
0041400101,1610612751,101187,87.80845,32.67763,0.0,234,597.24,8.83,4
0041400101,1610612751,101127,91.99472,2.07473,0.0,234,597.24,8.83,4
0041400101,1610612751,201947,80.53287,47.03163,0.0,234,597.24,8.83,4
0041400101,1610612751,203486,79.20903,8.78792,0.0,234,597.24,8.83,4
0041400101,-1,-1,72.57757,7.46298,12.77259,235,597.2,8.79,4
0041400101,1610612737,2594,89.20682,3.00462,0.0,235,597.2,8.79,4
0041400101,1610612737,203118,84.65403,18.6679,0.0,235,597.2,8.79,4
0041400101,1610612737,203145,68.35182,10.87694,0.0,235,597.2,8.79,4
0041400101,1610612737,203471,78.88567,29.79029,0.0,235,597.2,8.79,4
0041400101,1610612737,203544,91.81081,4.41862,0.0,235,597.2,8.79,4
0041400101,1610612751,2207,57.29428,10.24069,0.0,235,597.2,8.79,4
0041400101,1610612751,101187,88.07947,32.28154,0.0,235,597.2,8.79,4
0041400101,1610612751,101127,92.1396,1.92768,0.0,235,597.2,8.79,4
0041400101,1610612751,201947,80.11223,46.95845,0.0,235,597.2,8.79,4
0041400101,1610612751,203486,79.18423,8.72737,0.0,235,597.2,8.79,4
0041400101,-1,-1,71.56818,7.72198,12.51729,236,597.16,8.75,4
0041400101,1610612737,2594,89.15015,3.10237,0.0,236,597.16,8.75,4
0041400101,1610612737,203118,84.4598,18.83555,0.0,236,597.16,8.75,4
0041400101,1610612737,203145,67.90817,10.72998,0.0,236,597.16,8.75,4
0041400101,1610612737,203471,78.62177,29.75465,0.0,236,597.16,8.75,4
0041400101,1610612737,203544,91.87839,4.62472,0.0,236,597.16,8.75,4
0041400101,1610612751,2207,57.37263,10.16364,0.0,236,597.16,8.75,4
0041400101,1610612751,101187,88.34106,31.89448,0.0,236,597.16,8.75,4
0041400101,1610612751,101127,92.32854,1.77545,0.0,236,597.16,8.75,4
0041400101,1610612751,201947,79.68608,46.87545,0.0,236,597.16,8.75,4
0041400101,1610612751,203486,79.15318,8.67243,0.0,236,597.16,8.75,4
0041400101,-1,-1,70.55408,7.97613,12.27078,237,597.12,8.71,4
0041400101,1610612737,2594,89.09213,3.22287,0.0,237,597.12,8.71,4
0041400101,1610612737,203118,84.2448,19.0247,0.0,237,597.12,8.71,4
0041400101,1610612737,203145,67.46839,10.57712,0.0,237,597.12,8.71,4
0041400101,1610612737,203471,78.3391,29.70423,0.0,237,597.12,8.71,4
0041400101,1610612737,203544,91.92422,4.82003,0.0,237,597.12,8.71,4
0041400101,1610612751,2207,57.44689,10.08584,0.0,237,597.12,8.71,4
0041400101,1610612751,101187,88.60637,31.50251,0.0,237,597.12,8.71,4
0041400101,1610612751,101127,92.50882,1.59134,0.0,237,597.12,8.71,4
0041400101,1610612751,201947,79.25287,46.81106,0.0,237,597.12,8.71,4
0041400101,1610612751,203486,79.12079,8.63438,0.0,237,597.12,8.71,4
0041400101,-1,-1,69.4461,8.28217,12.04435,238,597.08,8.67,4
0041400101,1610612737,2594,89.02405,3.35279,0.0,238,597.08,8.67,4
0041400101,1610612737,203118,84.01431,19.23082,0.0,238,597.08,8.67,4
0041400101,1610612737,203145,67.02798,10.41889,0.0,238,597.08,8.67,4
0041400101,1610612737,203471,77.98346,29.64951,0.0,238,597.08,8.67,4
0041400101,1610612737,203544,91.96942,5.04283,0.0,238,597.08,8.67,4
0041400101,1610612751,2207,57.51754,10.00224,0.0,238,597.08,8.67,4
0041400101,1610612751,101187,88.86033,31.11091,0.0,238,597.08,8.67,4
0041400101,1610612751,101127,92.69498,1.40254,0.0,238,597.08,8.67,4
0041400101,1610612751,201947,78.80721,46.74519,0.0,238,597.08,8.67,4
0041400101,1610612751,203486,79.09366,8.62553,0.0,238,597.08,8.67,4
0041400101,-1,-1,68.47257,8.64285,11.64318,239,597.04,8.63,4
0041400101,1610612737,2594,88.94658,3.49173,0.0,239,597.04,8.63,4
0041400101,1610612737,203118,83.77364,19.44282,0.0,239,597.04,8.63,4
0041400101,1610612737,203145,66.60061,10.25312,0.0,239,597.04,8.63,4
0041400101,1610612737,203471,77.61722,29.5956,0.0,239,597.04,8.63,4
0041400101,1610612737,203544,92.05573,5.26283,0.0,239,597.04,8.63,4
0041400101,1610612751,2207,57.58386,9.92227,0.0,239,597.04,8.63,4
0041400101,1610612751,101187,89.10419,30.73748,0.0,239,597.04,8.63,4
0041400101,1610612751,101127,92.87515,1.24987,0.0,239,597.04,8.63,4
0041400101,1610612751,201947,78.34649,46.66835,0.0,239,597.04,8.63,4
0041400101,1610612751,203486,79.07058,8.63363,0.0,239,597.04,8.63,4
0041400101,-1,-1,67.47821,8.77415,11.32292,240,597.0,8.59,4
0041400101,1610612737,2594,88.85069,3.64611,0.0,240,597.0,8.59,4
0041400101,1610612737,203118,83.48895,19.67942,0.0,240,597.0,8.59,4
0041400101,1610612737,203145,66.18278,10.0972,0.0,240,597.0,8.59,4
0041400101,1610612737,203471,77.23425,29.5395,0.0,240,597.0,8.59,4
0041400101,1610612737,203544,92.14435,5.48985,0.0,240,597.0,8.59,4
0041400101,1610612751,2207,57.63185,9.84763,0.0,240,597.0,8.59,4
0041400101,1610612751,101187,89.3321,30.38115,0.0,240,597.0,8.59,4
0041400101,1610612751,101127,93.04932,1.13332,0.0,240,597.0,8.59,4
0041400101,1610612751,201947,77.88113,46.58476,0.0,240,597.0,8.59,4
0041400101,1610612751,203486,79.03951,8.63862,0.0,240,597.0,8.59,4
0041400101,-1,-1,66.40053,9.18353,10.79467,241,596.96,8.55,4
0041400101,1610612737,2594,88.746,3.81107,0.0,241,596.96,8.55,4
0041400101,1610612737,203118,83.2216,19.90083,0.0,241,596.96,8.55,4
0041400101,1610612737,203145,65.77299,9.95519,0.0,241,596.96,8.55,4
0041400101,1610612737,203471,76.89594,29.44813,0.0,241,596.96,8.55,4
0041400101,1610612737,203544,92.13709,5.72416,0.0,241,596.96,8.55,4
0041400101,1610612751,2207,57.66438,9.76924,0.0,241,596.96,8.55,4
0041400101,1610612751,101187,89.54832,30.04025,0.0,241,596.96,8.55,4
0041400101,1610612751,101127,93.21751,1.05289,0.0,241,596.96,8.55,4
0041400101,1610612751,201947,77.38722,46.54871,0.0,241,596.96,8.55,4
0041400101,1610612751,203486,79.00562,8.64429,0.0,241,596.96,8.55,4
0041400101,-1,-1,65.34722,9.48197,10.29512,242,596.92,8.51,4
0041400101,1610612737,2594,88.60802,3.98745,0.0,242,596.92,8.51,4
0041400101,1610612737,203118,82.93305,20.11708,0.0,242,596.92,8.51,4
0041400101,1610612737,203145,65.3495,9.81357,0.0,242,596.92,8.51,4
0041400101,1610612737,203471,76.55306,29.34346,0.0,242,596.92,8.51,4
0041400101,1610612737,203544,92.10795,5.98894,0.0,242,596.92,8.51,4
0041400101,1610612751,2207,57.70191,9.694,0.0,242,596.92,8.51,4
0041400101,1610612751,101187,89.75023,29.70656,0.0,242,596.92,8.51,4
0041400101,1610612751,101127,93.37971,1.00858,0.0,242,596.92,8.51,4
0041400101,1610612751,201947,76.90746,46.44103,0.0,242,596.92,8.51,4
0041400101,1610612751,203486,78.95686,8.66934,0.0,242,596.92,8.51,4
0041400101,-1,-1,64.40582,9.70714,9.83111,243,596.88,8.47,4
0041400101,1610612737,2594,88.43829,4.15419,0.0,243,596.88,8.47,4
0041400101,1610612737,203118,82.62404,20.32468,0.0,243,596.88,8.47,4
0041400101,1610612737,203145,64.91402,9.66842,0.0,243,596.88,8.47,4
0041400101,1610612737,203471,76.20973,29.23046,0.0,243,596.88,8.47,4
0041400101,1610612737,203544,92.05386,6.28066,0.0,243,596.88,8.47,4
0041400101,1610612751,2207,57.72831,9.61098,0.0,243,596.88,8.47,4
0041400101,1610612751,101187,89.93668,29.39576,0.0,243,596.88,8.47,4
0041400101,1610612751,101127,93.53591,1.0004,0.0,243,596.88,8.47,4
0041400101,1610612751,201947,76.46142,46.30845,0.0,243,596.88,8.47,4
0041400101,1610612751,203486,78.90271,8.69741,0.0,243,596.88,8.47,4
0041400101,-1,-1,63.69261,9.85214,9.42677,244,596.84,8.43,4
0041400101,1610612737,2594,88.25204,4.32586,0.0,244,596.84,8.43,4
0041400101,1610612737,203118,82.30153,20.5357,0.0,244,596.84,8.43,4
0041400101,1610612737,203145,64.47703,9.5099,0.0,244,596.84,8.43,4
0041400101,1610612737,203471,75.85156,29.12259,0.0,244,596.84,8.43,4
0041400101,1610612737,203544,91.98457,6.58,0.0,244,596.84,8.43,4
0041400101,1610612751,2207,57.70859,9.48654,0.0,244,596.84,8.43,4
0041400101,1610612751,101187,90.12017,29.1034,0.0,244,596.84,8.43,4
0041400101,1610612751,101127,93.6949,0.98474,0.0,244,596.84,8.43,4
0041400101,1610612751,201947,76.00703,46.1619,0.0,244,596.84,8.43,4
0041400101,1610612751,203486,78.83057,8.73836,0.0,244,596.84,8.43,4
0041400101,-1,-1,63.20397,9.24588,8.82883,245,596.8,8.39,4
0041400101,1610612737,2594,88.06159,4.51432,0.0,245,596.8,8.39,4
0041400101,1610612737,203118,81.95017,20.72896,0.0,245,596.8,8.39,4
0041400101,1610612737,203145,64.04004,9.35434,0.0,245,596.8,8.39,4
0041400101,1610612737,203471,75.48331,29.01262,0.0,245,596.8,8.39,4
0041400101,1610612737,203544,91.90063,6.8959,0.0,245,596.8,8.39,4
0041400101,1610612751,2207,57.70404,9.38207,0.0,245,596.8,8.39,4
0041400101,1610612751,101187,90.28394,28.82779,0.0,245,596.8,8.39,4
0041400101,1610612751,101127,93.85668,0.9616,0.0,245,596.8,8.39,4
0041400101,1610612751,201947,75.53848,46.08274,0.0,245,596.8,8.39,4
0041400101,1610612751,203486,78.74368,8.78355,0.0,245,596.8,8.39,4
0041400101,-1,-1,62.86041,8.55122,8.78368,246,596.76,8.35,4
0041400101,1610612737,2594,87.8699,4.71273,0.0,246,596.76,8.35,4
0041400101,1610612737,203118,81.57966,20.91966,0.0,246,596.76,8.35,4
0041400101,1610612737,203145,63.59993,9.20738,0.0,246,596.76,8.35,4
0041400101,1610612737,203471,75.10438,28.908,0.0,246,596.76,8.35,4
0041400101,1610612737,203544,91.78972,7.21441,0.0,246,596.76,8.35,4
0041400101,1610612751,2207,57.6846,9.26087,0.0,246,596.76,8.35,4
0041400101,1610612751,101187,90.43294,28.55328,0.0,246,596.76,8.35,4
0041400101,1610612751,101127,94.02124,0.93097,0.0,246,596.76,8.35,4
0041400101,1610612751,201947,75.04865,46.00988,0.0,246,596.76,8.35,4
0041400101,1610612751,203486,78.6506,8.84197,0.0,246,596.76,8.35,4
0041400101,-1,-1,62.5668,7.89135,8.3135,247,596.72,8.31,4
0041400101,1610612737,2594,87.65323,4.90775,0.0,247,596.72,8.31,4
0041400101,1610612737,203118,81.18639,21.1035,0.0,247,596.72,8.31,4
0041400101,1610612737,203145,63.15924,9.04795,0.0,247,596.72,8.31,4
0041400101,1610612737,203471,74.70935,28.79706,0.0,247,596.72,8.31,4
0041400101,1610612737,203544,91.66519,7.54788,0.0,247,596.72,8.31,4
0041400101,1610612751,2207,57.67002,9.16149,0.0,247,596.72,8.31,4
0041400101,1610612751,101187,90.57295,28.28192,0.0,247,596.72,8.31,4
0041400101,1610612751,101127,94.18858,0.89287,0.0,247,596.72,8.31,4
0041400101,1610612751,201947,74.52688,45.99487,0.0,247,596.72,8.31,4
0041400101,1610612751,203486,78.54493,8.89668,0.0,247,596.72,8.31,4
0041400101,-1,-1,62.30217,7.2283,7.25162,248,596.68,8.27,4
0041400101,1610612737,2594,87.42668,5.10732,0.0,248,596.68,8.27,4
0041400101,1610612737,203118,80.78753,21.28371,0.0,248,596.68,8.27,4
0041400101,1610612737,203145,62.72363,8.88956,0.0,248,596.68,8.27,4
0041400101,1610612737,203471,74.29075,28.68111,0.0,248,596.68,8.27,4
0041400101,1610612737,203544,91.52359,7.87793,0.0,248,596.68,8.27,4
0041400101,1610612751,2207,57.65593,9.00853,0.0,248,596.68,8.27,4
0041400101,1610612751,101187,90.70498,28.01746,0.0,248,596.68,8.27,4
0041400101,1610612751,101127,94.3587,0.84728,0.0,248,596.68,8.27,4
0041400101,1610612751,201947,73.99094,45.98435,0.0,248,596.68,8.27,4
0041400101,1610612751,203486,78.42204,8.96481,0.0,248,596.68,8.27,4
0041400101,-1,-1,62.01656,6.71691,5.90149,249,596.64,8.23,4
0041400101,1610612737,2594,87.19004,5.30915,0.0,249,596.64,8.23,4
0041400101,1610612737,203118,80.36648,21.47084,0.0,249,596.64,8.23,4
0041400101,1610612737,203145,62.29115,8.73562,0.0,249,596.64,8.23,4
0041400101,1610612737,203471,73.8553,28.5573,0.0,249,596.64,8.23,4
0041400101,1610612737,203544,91.37624,8.20114,0.0,249,596.64,8.23,4
0041400101,1610612751,2207,57.61196,8.87164,0.0,249,596.64,8.23,4
0041400101,1610612751,101187,90.80982,27.76541,0.0,249,596.64,8.23,4
0041400101,1610612751,101127,94.4915,0.81859,0.0,249,596.64,8.23,4
0041400101,1610612751,201947,73.45171,45.89387,0.0,249,596.64,8.23,4
0041400101,1610612751,203486,78.28288,9.05072,0.0,249,596.64,8.23,4
0041400101,-1,-1,61.66002,6.51204,4.56659,250,596.6,8.19,4
0041400101,1610612737,2594,86.93824,5.50571,0.0,250,596.6,8.19,4
0041400101,1610612737,203118,79.92865,21.64791,0.0,250,596.6,8.19,4
0041400101,1610612737,203145,61.86157,8.54288,0.0,250,596.6,8.19,4
0041400101,1610612737,203471,73.41096,28.43143,0.0,250,596.6,8.19,4
0041400101,1610612737,203544,91.22296,8.52516,0.0,250,596.6,8.19,4
0041400101,1610612751,2207,57.56693,8.7172,0.0,250,596.6,8.19,4
0041400101,1610612751,101187,90.88318,27.52788,0.0,250,596.6,8.19,4
0041400101,1610612751,101127,94.58698,0.80679,0.0,250,596.6,8.19,4
0041400101,1610612751,201947,72.92129,45.73589,0.0,250,596.6,8.19,4
0041400101,1610612751,203486,78.13087,9.11951,0.0,250,596.6,8.19,4
0041400101,-1,-1,61.12153,6.63968,3.19096,251,596.56,8.15,4
0041400101,1610612737,2594,86.6714,5.70145,0.0,251,596.56,8.15,4
0041400101,1610612737,203118,79.4964,21.79899,0.0,251,596.56,8.15,4
0041400101,1610612737,203145,61.42073,8.3343,0.0,251,596.56,8.15,4
0041400101,1610612737,203471,72.95882,28.30925,0.0,251,596.56,8.15,4
0041400101,1610612737,203544,91.06359,8.86467,0.0,251,596.56,8.15,4
0041400101,1610612751,2207,57.50621,8.58069,0.0,251,596.56,8.15,4
0041400101,1610612751,101187,90.92319,27.29421,0.0,251,596.56,8.15,4
0041400101,1610612751,101127,94.64513,0.81188,0.0,251,596.56,8.15,4
0041400101,1610612751,201947,72.39667,45.57598,0.0,251,596.56,8.15,4
0041400101,1610612751,203486,77.95859,9.18995,0.0,251,596.56,8.15,4
0041400101,-1,-1,60.93782,6.63169,2.24712,252,596.52,8.11,4
0041400101,1610612737,2594,86.38918,5.89808,0.0,252,596.52,8.11,4
0041400101,1610612737,203118,79.03808,21.92846,0.0,252,596.52,8.11,4
0041400101,1610612737,203145,60.9473,8.16103,0.0,252,596.52,8.11,4
0041400101,1610612737,203471,72.48416,28.19576,0.0,252,596.52,8.11,4
0041400101,1610612737,203544,90.90371,9.2056,0.0,252,596.52,8.11,4
0041400101,1610612751,2207,57.47256,8.40809,0.0,252,596.52,8.11,4
0041400101,1610612751,101187,90.93581,27.0757,0.0,252,596.52,8.11,4
0041400101,1610612751,101127,94.68769,0.82218,0.0,252,596.52,8.11,4
0041400101,1610612751,201947,71.85827,45.42048,0.0,252,596.52,8.11,4
0041400101,1610612751,203486,77.76165,9.26195,0.0,252,596.52,8.11,4
0041400101,-1,-1,60.54644,6.5491,1.21092,253,596.48,8.07,4
0041400101,1610612737,2594,86.10278,6.08243,0.0,253,596.48,8.07,4
0041400101,1610612737,203118,78.55723,22.03943,0.0,253,596.48,8.07,4
0041400101,1610612737,203145,60.44829,8.02217,0.0,253,596.48,8.07,4
0041400101,1610612737,203471,72.04045,28.07607,0.0,253,596.48,8.07,4
0041400101,1610612737,203544,90.72423,9.53282,0.0,253,596.48,8.07,4
0041400101,1610612751,2207,57.38602,8.26267,0.0,253,596.48,8.07,4
0041400101,1610612751,101187,90.93155,26.86756,0.0,253,596.48,8.07,4
0041400101,1610612751,101127,94.71466,0.83768,0.0,253,596.48,8.07,4
0041400101,1610612751,201947,71.3326,45.19873,0.0,253,596.48,8.07,4
0041400101,1610612751,203486,77.54525,9.32293,0.0,253,596.48,8.07,4
0041400101,-1,-1,60.0904,6.41624,0.9709,254,596.44,8.03,4
0041400101,1610612737,2594,85.80856,6.26594,0.0,254,596.44,8.03,4
0041400101,1610612737,203118,78.04906,22.1421,0.0,254,596.44,8.03,4
0041400101,1610612737,203145,59.96262,7.85591,0.0,254,596.44,8.03,4
0041400101,1610612737,203471,71.56755,27.94822,0.0,254,596.44,8.03,4
0041400101,1610612737,203544,90.54246,9.86123,0.0,254,596.44,8.03,4
0041400101,1610612751,2207,57.29569,8.07885,0.0,254,596.44,8.03,4
0041400101,1610612751,101187,90.91312,26.66473,0.0,254,596.44,8.03,4
0041400101,1610612751,101127,94.72603,0.85839,0.0,254,596.44,8.03,4
0041400101,1610612751,201947,70.81106,44.97264,0.0,254,596.44,8.03,4
0041400101,1610612751,203486,77.31379,9.37175,0.0,254,596.44,8.03,4
0041400101,-1,-1,60.1512,6.1854,1.60008,255,596.4,7.99,4
0041400101,1610612737,2594,85.4933,6.4169,0.0,255,596.4,7.99,4
0041400101,1610612737,203118,77.5527,22.22735,0.0,255,596.4,7.99,4
0041400101,1610612737,203145,59.5047,7.68735,0.0,255,596.4,7.99,4
0041400101,1610612737,203471,71.07762,27.81492,0.0,255,596.4,7.99,4
0041400101,1610612737,203544,90.35503,10.19624,0.0,255,596.4,7.99,4
0041400101,1610612751,2207,57.20792,7.88929,0.0,255,596.4,7.99,4
0041400101,1610612751,101187,90.88163,26.46281,0.0,255,596.4,7.99,4
0041400101,1610612751,101127,94.72181,0.88431,0.0,255,596.4,7.99,4
0041400101,1610612751,201947,70.25917,44.73803,0.0,255,596.4,7.99,4
0041400101,1610612751,203486,77.07418,9.43059,0.0,255,596.4,7.99,4
0041400101,-1,-1,60.04929,6.02787,1.86663,256,596.36,7.96,4
0041400101,1610612737,2594,85.16128,6.54078,0.0,256,596.36,7.96,4
0041400101,1610612737,203118,77.00197,22.3179,0.0,256,596.36,7.96,4
0041400101,1610612737,203145,59.07758,7.56882,0.0,256,596.36,7.96,4
0041400101,1610612737,203471,70.52049,27.70999,0.0,256,596.36,7.96,4
0041400101,1610612737,203544,90.167,10.53226,0.0,256,596.36,7.96,4
0041400101,1610612751,2207,57.12162,7.75284,0.0,256,596.36,7.96,4
0041400101,1610612751,101187,90.83277,26.26434,0.0,256,596.36,7.96,4
0041400101,1610612751,101127,94.70199,0.91544,0.0,256,596.36,7.96,4
0041400101,1610612751,201947,69.709,44.50031,0.0,256,596.36,7.96,4
0041400101,1610612751,203486,76.8289,9.48284,0.0,256,596.36,7.96,4
0041400101,-1,-1,60.05244,5.97257,2.43208,257,596.32,7.91,4
0041400101,1610612737,2594,84.82196,6.64658,0.0,257,596.32,7.91,4
0041400101,1610612737,203118,76.44668,22.39717,0.0,257,596.32,7.91,4
0041400101,1610612737,203145,58.69398,7.44953,0.0,257,596.32,7.91,4
0041400101,1610612737,203471,69.93898,27.61395,0.0,257,596.32,7.91,4
0041400101,1610612737,203544,89.97887,10.86314,0.0,257,596.32,7.91,4
0041400101,1610612751,2207,57.02793,7.60819,0.0,257,596.32,7.91,4
0041400101,1610612751,101187,90.76862,26.08454,0.0,257,596.32,7.91,4
0041400101,1610612751,101127,94.66659,0.95177,0.0,257,596.32,7.91,4
0041400101,1610612751,201947,69.12206,44.37444,0.0,257,596.32,7.91,4
0041400101,1610612751,203486,76.56735,9.53593,0.0,257,596.32,7.91,4
0041400101,-1,-1,59.83846,5.88278,2.81056,258,596.28,7.88,4
0041400101,1610612737,2594,84.46996,6.74818,0.0,258,596.28,7.88,4
0041400101,1610612737,203118,75.88689,22.47597,0.0,258,596.28,7.88,4
0041400101,1610612737,203145,58.39921,7.28421,0.0,258,596.28,7.88,4
0041400101,1610612737,203471,69.33983,27.5224,0.0,258,596.28,7.88,4
0041400101,1610612737,203544,89.79348,11.17481,0.0,258,596.28,7.88,4
0041400101,1610612751,2207,56.87463,7.41824,0.0,258,596.28,7.88,4
0041400101,1610612751,101187,90.68179,25.9008,0.0,258,596.28,7.88,4
0041400101,1610612751,101127,94.61559,0.99331,0.0,258,596.28,7.88,4
0041400101,1610612751,201947,68.4886,44.24784,0.0,258,596.28,7.88,4
0041400101,1610612751,203486,76.28587,9.58769,0.0,258,596.28,7.88,4
0041400101,-1,-1,59.84903,5.67383,3.19458,259,596.24,7.83,4
0041400101,1610612737,2594,84.10895,6.83514,0.0,259,596.24,7.83,4
0041400101,1610612737,203118,75.30919,22.54418,0.0,259,596.24,7.83,4
0041400101,1610612737,203145,58.10559,7.12423,0.0,259,596.24,7.83,4
0041400101,1610612737,203471,68.71238,27.43096,0.0,259,596.24,7.83,4
0041400101,1610612737,203544,89.59814,11.46239,0.0,259,596.24,7.83,4
0041400101,1610612751,2207,56.74175,7.26506,0.0,259,596.24,7.83,4
0041400101,1610612751,101187,90.55737,25.72094,0.0,259,596.24,7.83,4
0041400101,1610612751,101127,94.55601,1.03702,0.0,259,596.24,7.83,4
0041400101,1610612751,201947,67.87597,44.11228,0.0,259,596.24,7.83,4
0041400101,1610612751,203486,75.99602,9.65013,0.0,259,596.24,7.83,4
0041400101,-1,-1,59.81584,5.51414,3.33684,260,596.2,7.8,4
0041400101,1610612737,2594,83.72539,6.91697,0.0,260,596.2,7.8,4
0041400101,1610612737,203118,74.73808,22.62087,0.0,260,596.2,7.8,4
0041400101,1610612737,203145,57.84575,6.97192,0.0,260,596.2,7.8,4
0041400101,1610612737,203471,68.07908,27.35786,0.0,260,596.2,7.8,4
0041400101,1610612737,203544,89.40563,11.75845,0.0,260,596.2,7.8,4
0041400101,1610612751,2207,56.57007,7.08644,0.0,260,596.2,7.8,4
0041400101,1610612751,101187,90.42408,25.53699,0.0,260,596.2,7.8,4
0041400101,1610612751,101127,94.48786,1.08292,0.0,260,596.2,7.8,4
0041400101,1610612751,201947,67.28321,43.83713,0.0,260,596.2,7.8,4
0041400101,1610612751,203486,75.7057,9.71126,0.0,260,596.2,7.8,4
0041400101,-1,-1,59.72364,5.39064,3.58932,261,596.16,7.76,4
0041400101,1610612737,2594,83.30763,6.98752,0.0,261,596.16,7.76,4
0041400101,1610612737,203118,74.15603,22.69082,0.0,261,596.16,7.76,4
0041400101,1610612737,203145,57.60471,6.81667,0.0,261,596.16,7.76,4
0041400101,1610612737,203471,67.42763,27.29599,0.0,261,596.16,7.76,4
0041400101,1610612737,203544,89.21443,12.04316,0.0,261,596.16,7.76,4
0041400101,1610612751,2207,56.39022,6.91596,0.0,261,596.16,7.76,4
0041400101,1610612751,101187,90.26419,25.36029,0.0,261,596.16,7.76,4
0041400101,1610612751,101127,94.41113,1.13099,0.0,261,596.16,7.76,4
0041400101,1610612751,201947,66.70187,43.55341,0.0,261,596.16,7.76,4
0041400101,1610612751,203486,75.40001,9.77399,0.0,261,596.16,7.76,4
0041400101,-1,-1,59.68319,5.20096,3.73839,262,596.12,7.71,4
0041400101,1610612737,2594,82.8792,7.04474,0.0,262,596.12,7.71,4
0041400101,1610612737,203118,73.56011,22.75779,0.0,262,596.12,7.71,4
0041400101,1610612737,203145,57.37648,6.67912,0.0,262,596.12,7.71,4
0041400101,1610612737,203471,66.75872,27.2266,0.0,262,596.12,7.71,4
0041400101,1610612737,203544,89.02456,12.311,0.0,262,596.12,7.71,4
0041400101,1610612751,2207,56.18577,6.7129,0.0,262,596.12,7.71,4
0041400101,1610612751,101187,90.07916,25.19137,0.0,262,596.12,7.71,4
0041400101,1610612751,101127,94.32582,1.18123,0.0,262,596.12,7.71,4
0041400101,1610612751,201947,66.12595,43.27369,0.0,262,596.12,7.71,4
0041400101,1610612751,203486,75.08012,9.83726,0.0,262,596.12,7.71,4
0041400101,-1,-1,59.49942,5.0548,3.97482,263,596.08,7.68,4
0041400101,1610612737,2594,82.4332,7.08462,0.0,263,596.08,7.68,4
0041400101,1610612737,203118,72.95284,22.80248,0.0,263,596.08,7.68,4
0041400101,1610612737,203145,57.17177,6.54558,0.0,263,596.08,7.68,4
0041400101,1610612737,203471,66.08394,27.15288,0.0,263,596.08,7.68,4
0041400101,1610612737,203544,88.83365,12.57134,0.0,263,596.08,7.68,4
0041400101,1610612751,2207,55.95842,6.56042,0.0,263,596.08,7.68,4
0041400101,1610612751,101187,89.8728,25.02625,0.0,263,596.08,7.68,4
0041400101,1610612751,101127,94.23194,1.23366,0.0,263,596.08,7.68,4
0041400101,1610612751,201947,65.54548,42.98793,0.0,263,596.08,7.68,4
0041400101,1610612751,203486,74.75208,9.88084,0.0,263,596.08,7.68,4
0041400101,-1,-1,59.50053,4.88214,4.20556,264,596.04,7.63,4
0041400101,1610612737,2594,81.97303,7.1084,0.0,264,596.04,7.63,4
0041400101,1610612737,203118,72.34043,22.83885,0.0,264,596.04,7.63,4
0041400101,1610612737,203145,56.99315,6.40374,0.0,264,596.04,7.63,4
0041400101,1610612737,203471,65.39548,27.08423,0.0,264,596.04,7.63,4
0041400101,1610612737,203544,88.63078,12.82676,0.0,264,596.04,7.63,4
0041400101,1610612751,2207,55.74845,6.40649,0.0,264,596.04,7.63,4
0041400101,1610612751,101187,89.65476,24.87201,0.0,264,596.04,7.63,4
0041400101,1610612751,101127,94.12948,1.28826,0.0,264,596.04,7.63,4
0041400101,1610612751,201947,64.95494,42.76824,0.0,264,596.04,7.63,4
0041400101,1610612751,203486,74.42023,9.90802,0.0,264,596.04,7.63,4
0041400101,-1,-1,59.45067,4.69164,4.30362,265,596.0,7.59,4
0041400101,1610612737,2594,81.48634,7.10817,0.0,265,596.0,7.59,4
0041400101,1610612737,203118,71.7199,22.88235,0.0,265,596.0,7.59,4
0041400101,1610612737,203145,56.84358,6.29051,0.0,265,596.0,7.59,4
0041400101,1610612737,203471,64.69879,27.01717,0.0,265,596.0,7.59,4
0041400101,1610612737,203544,88.42609,13.06088,0.0,265,596.0,7.59,4
0041400101,1610612751,2207,55.53134,6.31365,0.0,265,596.0,7.59,4
0041400101,1610612751,101187,89.42589,24.7224,0.0,265,596.0,7.59,4
0041400101,1610612751,101127,94.01845,1.34504,0.0,265,596.0,7.59,4
0041400101,1610612751,201947,64.35727,42.58065,0.0,265,596.0,7.59,4
0041400101,1610612751,203486,74.05106,9.97811,0.0,265,596.0,7.59,4
0041400101,-1,-1,59.3797,4.74451,3.83655,266,595.96,7.55,4
0041400101,1610612737,2594,80.99292,7.0856,0.0,266,595.96,7.55,4
0041400101,1610612737,203118,71.09573,22.93457,0.0,266,595.96,7.55,4
0041400101,1610612737,203145,56.73291,6.21473,0.0,266,595.96,7.55,4
0041400101,1610612737,203471,63.98295,26.95153,0.0,266,595.96,7.55,4
0041400101,1610612737,203544,88.22534,13.28257,0.0,266,595.96,7.55,4
0041400101,1610612751,2207,55.34465,6.22693,0.0,266,595.96,7.55,4
0041400101,1610612751,101187,89.19276,24.58637,0.0,266,595.96,7.55,4
0041400101,1610612751,101127,93.89884,1.404,0.0,266,595.96,7.55,4
0041400101,1610612751,201947,63.74061,42.39528,0.0,266,595.96,7.55,4
0041400101,1610612751,203486,73.68443,10.04115,0.0,266,595.96,7.55,4
0041400101,-1,-1,59.86707,4.47187,4.10162,267,595.92,7.51,4
0041400101,1610612737,2594,80.49695,7.04018,0.0,267,595.92,7.51,4
0041400101,1610612737,203118,70.48885,22.93386,0.0,267,595.92,7.51,4
0041400101,1610612737,203145,56.68834,6.09636,0.0,267,595.92,7.51,4
0041400101,1610612737,203471,63.25993,26.87663,0.0,267,595.92,7.51,4
0041400101,1610612737,203544,88.01409,13.51346,0.0,267,595.92,7.51,4
0041400101,1610612751,2207,55.08534,6.12565,0.0,267,595.92,7.51,4
0041400101,1610612751,101187,88.9468,24.45867,0.0,267,595.92,7.51,4
0041400101,1610612751,101127,93.77923,1.46295,0.0,267,595.92,7.51,4
0041400101,1610612751,201947,63.1349,42.1672,0.0,267,595.92,7.51,4
0041400101,1610612751,203486,73.34383,10.03368,0.0,267,595.92,7.51,4
0041400101,-1,-1,59.60553,4.69246,2.78732,268,595.88,7.47,4
0041400101,1610612737,2594,79.98737,6.98516,0.0,268,595.88,7.47,4
0041400101,1610612737,203118,69.87046,22.95474,0.0,268,595.88,7.47,4
0041400101,1610612737,203145,56.7046,5.95216,0.0,268,595.88,7.47,4
0041400101,1610612737,203471,62.52095,26.811,0.0,268,595.88,7.47,4
0041400101,1610612737,203544,87.81011,13.7149,0.0,268,595.88,7.47,4
0041400101,1610612751,2207,54.86261,6.00789,0.0,268,595.88,7.47,4
0041400101,1610612751,101187,88.68584,24.33642,0.0,268,595.88,7.47,4
0041400101,1610612751,101127,93.65962,1.52191,0.0,268,595.88,7.47,4
0041400101,1610612751,201947,62.53319,41.93753,0.0,268,595.88,7.47,4
0041400101,1610612751,203486,72.99325,9.99338,0.0,268,595.88,7.47,4
0041400101,-1,-1,59.52514,4.76579,2.00868,269,595.84,7.43,4
0041400101,1610612737,2594,79.46934,6.91565,0.0,269,595.84,7.43,4
0041400101,1610612737,203118,69.25774,22.95582,0.0,269,595.84,7.43,4
0041400101,1610612737,203145,56.73227,5.85671,0.0,269,595.84,7.43,4
0041400101,1610612737,203471,61.77567,26.75343,0.0,269,595.84,7.43,4
0041400101,1610612737,203544,87.60011,13.91791,0.0,269,595.84,7.43,4
0041400101,1610612751,2207,54.62351,5.93931,0.0,269,595.84,7.43,4
0041400101,1610612751,101187,88.40788,24.22018,0.0,269,595.84,7.43,4
0041400101,1610612751,101127,93.54001,1.58087,0.0,269,595.84,7.43,4
0041400101,1610612751,201947,61.92629,41.72586,0.0,269,595.84,7.43,4
0041400101,1610612751,203486,72.62551,9.96122,0.0,269,595.84,7.43,4
0041400101,-1,-1,59.64117,4.6914,1.69049,270,595.8,7.39,4
0041400101,1610612737,2594,78.93606,6.84693,0.0,270,595.8,7.39,4
0041400101,1610612737,203118,68.64603,22.93908,0.0,270,595.8,7.39,4
0041400101,1610612737,203145,56.80452,5.77958,0.0,270,595.8,7.39,4
0041400101,1610612737,203471,61.01821,26.70275,0.0,270,595.8,7.39,4
0041400101,1610612737,203544,87.38561,14.12214,0.0,270,595.8,7.39,4
0041400101,1610612751,2207,54.35529,5.88362,0.0,270,595.8,7.39,4
0041400101,1610612751,101187,88.11805,24.11564,0.0,270,595.8,7.39,4
0041400101,1610612751,101127,93.4204,1.63982,0.0,270,595.8,7.39,4
0041400101,1610612751,201947,61.32407,41.51505,0.0,270,595.8,7.39,4
0041400101,1610612751,203486,72.25448,9.92101,0.0,270,595.8,7.39,4
0041400101,-1,-1,59.6093,4.49755,1.30027,271,595.76,7.36,4
0041400101,1610612737,2594,78.38448,6.7775,0.0,271,595.76,7.36,4
0041400101,1610612737,203118,68.02354,22.93464,0.0,271,595.76,7.36,4
0041400101,1610612737,203145,56.87368,5.67388,0.0,271,595.76,7.36,4
0041400101,1610612737,203471,60.2559,26.65277,0.0,271,595.76,7.36,4
0041400101,1610612737,203544,87.16785,14.32845,0.0,271,595.76,7.36,4
0041400101,1610612751,2207,54.05924,5.80175,0.0,271,595.76,7.36,4
0041400101,1610612751,101187,87.81511,24.02578,0.0,271,595.76,7.36,4
0041400101,1610612751,101127,93.30079,1.69878,0.0,271,595.76,7.36,4
0041400101,1610612751,201947,60.7229,41.29236,0.0,271,595.76,7.36,4
0041400101,1610612751,203486,71.86455,9.87835,0.0,271,595.76,7.36,4
0041400101,-1,-1,59.18613,4.78593,1.07771,272,595.72,7.32,4
0041400101,1610612737,2594,77.82992,6.69677,0.0,272,595.72,7.32,4
0041400101,1610612737,203118,67.38297,22.88616,0.0,272,595.72,7.32,4
0041400101,1610612737,203145,56.93871,5.58267,0.0,272,595.72,7.32,4
0041400101,1610612737,203471,59.48585,26.59642,0.0,272,595.72,7.32,4
0041400101,1610612737,203544,86.9498,14.52653,0.0,272,595.72,7.32,4
0041400101,1610612751,2207,53.74293,5.75313,0.0,272,595.72,7.32,4
0041400101,1610612751,101187,87.4929,23.93872,0.0,272,595.72,7.32,4
0041400101,1610612751,101127,93.15993,1.79388,0.0,272,595.72,7.32,4
0041400101,1610612751,201947,60.12945,41.0008,0.0,272,595.72,7.32,4
0041400101,1610612751,203486,71.4729,9.83086,0.0,272,595.72,7.32,4
0041400101,-1,-1,59.05392,4.67411,1.89479,273,595.68,7.28,4
0041400101,1610612737,2594,77.25932,6.60915,0.0,273,595.68,7.28,4
0041400101,1610612737,203118,66.7567,22.83031,0.0,273,595.68,7.28,4
0041400101,1610612737,203145,56.94825,5.54468,0.0,273,595.68,7.28,4
0041400101,1610612737,203471,58.70043,26.54317,0.0,273,595.68,7.28,4
0041400101,1610612737,203544,86.72772,14.72188,0.0,273,595.68,7.28,4
0041400101,1610612751,2207,53.46503,5.78117,0.0,273,595.68,7.28,4
0041400101,1610612751,101187,87.15301,23.86824,0.0,273,595.68,7.28,4
0041400101,1610612751,101127,93.00294,1.88833,0.0,273,595.68,7.28,4
0041400101,1610612751,201947,59.5502,40.75786,0.0,273,595.68,7.28,4
0041400101,1610612751,203486,71.07318,9.76087,0.0,273,595.68,7.28,4
0041400101,-1,-1,58.97095,4.79496,2.64676,274,595.63,7.23,4
0041400101,1610612737,2594,76.67574,6.50256,0.0,274,595.63,7.23,4
0041400101,1610612737,203118,66.11443,22.82361,0.0,274,595.63,7.23,4
0041400101,1610612737,203145,56.98309,5.5309,0.0,274,595.63,7.23,4
0041400101,1610612737,203471,57.9108,26.49865,0.0,274,595.63,7.23,4
0041400101,1610612737,203544,86.51602,14.93635,0.0,274,595.63,7.23,4
0041400101,1610612751,2207,53.18421,5.83908,0.0,274,595.63,7.23,4
0041400101,1610612751,101187,86.80696,23.81354,0.0,274,595.63,7.23,4
0041400101,1610612751,101127,92.82822,1.98569,0.0,274,595.63,7.23,4
0041400101,1610612751,201947,58.94875,40.47046,0.0,274,595.63,7.23,4
0041400101,1610612751,203486,70.66399,9.65984,0.0,274,595.63,7.23,4
0041400101,-1,-1,58.74911,4.85448,2.99477,275,595.59,7.19,4
0041400101,1610612737,2594,76.09485,6.38331,0.0,275,595.59,7.19,4
0041400101,1610612737,203118,65.45629,22.80981,0.0,275,595.59,7.19,4
0041400101,1610612737,203145,57.0033,5.52986,0.0,275,595.59,7.19,4
0041400101,1610612737,203471,57.10259,26.43306,0.0,275,595.59,7.19,4
0041400101,1610612737,203544,86.30296,15.13507,0.0,275,595.59,7.19,4
0041400101,1610612751,2207,52.92038,5.87098,0.0,275,595.59,7.19,4
0041400101,1610612751,101187,86.44763,23.76852,0.0,275,595.59,7.19,4
0041400101,1610612751,101127,92.63613,2.06824,0.0,275,595.59,7.19,4
0041400101,1610612751,201947,58.33797,40.24596,0.0,275,595.59,7.19,4
0041400101,1610612751,203486,70.22544,9.53958,0.0,275,595.59,7.19,4
0041400101,-1,-1,58.63308,4.89753,3.47803,276,595.56,7.16,4
0041400101,1610612737,2594,75.51284,6.25145,0.0,276,595.56,7.16,4
0041400101,1610612737,203118,64.79191,22.80183,0.0,276,595.56,7.16,4
0041400101,1610612737,203145,57.02294,5.54027,0.0,276,595.56,7.16,4
0041400101,1610612737,203471,56.28304,26.35046,0.0,276,595.56,7.16,4
0041400101,1610612737,203544,86.08497,15.3418,0.0,276,595.56,7.16,4
0041400101,1610612751,2207,52.66238,5.92059,0.0,276,595.56,7.16,4
0041400101,1610612751,101187,86.07498,23.71085,0.0,276,595.56,7.16,4
0041400101,1610612751,101127,92.43323,2.15041,0.0,276,595.56,7.16,4
0041400101,1610612751,201947,57.70679,40.02762,0.0,276,595.56,7.16,4
0041400101,1610612751,203486,69.80587,9.47018,0.0,276,595.56,7.16,4
0041400101,-1,-1,58.64506,5.01886,3.73013,277,595.52,7.12,4
0041400101,1610612737,2594,74.92621,6.11883,0.0,277,595.52,7.12,4
0041400101,1610612737,203118,64.13104,22.7995,0.0,277,595.52,7.12,4
0041400101,1610612737,203145,57.05267,5.55665,0.0,277,595.52,7.12,4
0041400101,1610612737,203471,55.46397,26.2705,0.0,277,595.52,7.12,4
0041400101,1610612737,203544,85.87445,15.55379,0.0,277,595.52,7.12,4
0041400101,1610612751,2207,52.37557,6.04559,0.0,277,595.52,7.12,4
0041400101,1610612751,101187,85.69599,23.65934,0.0,277,595.52,7.12,4
0041400101,1610612751,101127,92.21431,2.21224,0.0,277,595.52,7.12,4
0041400101,1610612751,201947,57.06678,39.79697,0.0,277,595.52,7.12,4
0041400101,1610612751,203486,69.36491,9.39577,0.0,277,595.52,7.12,4
0041400101,-1,-1,58.58637,5.20318,3.90756,278,595.48,7.08,4
0041400101,1610612737,2594,74.3377,5.97362,0.0,278,595.48,7.08,4
0041400101,1610612737,203118,63.46518,22.80525,0.0,278,595.48,7.08,4
0041400101,1610612737,203145,57.07382,5.58483,0.0,278,595.48,7.08,4
0041400101,1610612737,203471,54.64418,26.19548,0.0,278,595.48,7.08,4
0041400101,1610612737,203544,85.66373,15.76007,0.0,278,595.48,7.08,4
0041400101,1610612751,2207,52.06913,6.20028,0.0,278,595.48,7.08,4
0041400101,1610612751,101187,85.31025,23.62257,0.0,278,595.48,7.08,4
0041400101,1610612751,101127,91.98546,2.27337,0.0,278,595.48,7.08,4
0041400101,1610612751,201947,56.41197,39.56778,0.0,278,595.48,7.08,4
0041400101,1610612751,203486,68.911,9.2986,0.0,278,595.48,7.08,4
0041400101,-1,-1,58.60105,5.33923,3.92594,279,595.43,7.03,4
0041400101,1610612737,2594,73.73285,5.8155,0.0,279,595.43,7.03,4
0041400101,1610612737,203118,62.79261,22.81922,0.0,279,595.43,7.03,4
0041400101,1610612737,203145,57.09142,5.61188,0.0,279,595.43,7.03,4
0041400101,1610612737,203471,53.81366,26.11963,0.0,279,595.43,7.03,4
0041400101,1610612737,203544,85.4584,15.95752,0.0,279,595.43,7.03,4
0041400101,1610612751,2207,51.74913,6.38023,0.0,279,595.43,7.03,4
0041400101,1610612751,101187,84.92448,23.59181,0.0,279,595.43,7.03,4
0041400101,1610612751,101127,91.73917,2.33222,0.0,279,595.43,7.03,4
0041400101,1610612751,201947,55.75587,39.33522,0.0,279,595.43,7.03,4
0041400101,1610612751,203486,68.44361,9.21999,0.0,279,595.43,7.03,4
0041400101,-1,-1,58.63235,5.64648,3.85278,280,595.4,7.0,4
0041400101,1610612737,2594,73.15038,5.65474,0.0,280,595.4,7.0,4
0041400101,1610612737,203118,62.11367,22.82443,0.0,280,595.4,7.0,4
0041400101,1610612737,203145,57.1085,5.6514,0.0,280,595.4,7.0,4
0041400101,1610612737,203471,52.96619,26.02807,0.0,280,595.4,7.0,4
0041400101,1610612737,203544,85.24728,16.16027,0.0,280,595.4,7.0,4
0041400101,1610612751,2207,51.41352,6.55162,0.0,280,595.4,7.0,4
0041400101,1610612751,101187,84.53128,23.57732,0.0,280,595.4,7.0,4
0041400101,1610612751,101127,91.47585,2.39538,0.0,280,595.4,7.0,4
0041400101,1610612751,201947,55.08261,39.11107,0.0,280,595.4,7.0,4
0041400101,1610612751,203486,67.99859,9.10101,0.0,280,595.4,7.0,4
0041400101,-1,-1,58.61267,6.02097,3.88212,281,595.35,6.96,4
0041400101,1610612737,2594,72.54703,5.49836,0.0,281,595.35,6.96,4
0041400101,1610612737,203118,61.42525,22.82429,0.0,281,595.35,6.96,4
0041400101,1610612737,203145,57.14626,5.67723,0.0,281,595.35,6.96,4
0041400101,1610612737,203471,52.112,25.93384,0.0,281,595.35,6.96,4
0041400101,1610612737,203544,85.03213,16.34515,0.0,281,595.35,6.96,4
0041400101,1610612751,2207,51.03155,6.72023,0.0,281,595.35,6.96,4
0041400101,1610612751,101187,84.14022,23.58291,0.0,281,595.35,6.96,4
0041400101,1610612751,101127,91.19679,2.4637,0.0,281,595.35,6.96,4
0041400101,1610612751,201947,54.4004,38.87821,0.0,281,595.35,6.96,4
0041400101,1610612751,203486,67.53917,8.98404,0.0,281,595.35,6.96,4
0041400101,-1,-1,58.63064,6.46517,4.22431,282,595.31,6.92,4
0041400101,1610612737,2594,71.93038,5.33314,0.0,282,595.31,6.92,4
0041400101,1610612737,203118,60.7193,22.86666,0.0,282,595.31,6.92,4
0041400101,1610612737,203145,57.19089,5.71231,0.0,282,595.31,6.92,4
0041400101,1610612737,203471,51.25077,25.83769,0.0,282,595.31,6.92,4
0041400101,1610612737,203544,84.81466,16.50434,0.0,282,595.31,6.92,4
0041400101,1610612751,2207,50.66937,6.95876,0.0,282,595.31,6.92,4
0041400101,1610612751,101187,83.73376,23.58554,0.0,282,595.31,6.92,4
0041400101,1610612751,101127,90.90074,2.53893,0.0,282,595.31,6.92,4
0041400101,1610612751,201947,53.70746,38.64224,0.0,282,595.31,6.92,4
0041400101,1610612751,203486,67.04183,8.93523,0.0,282,595.31,6.92,4
0041400101,-1,-1,58.31165,6.98385,4.81074,283,595.27,6.87,4
0041400101,1610612737,2594,71.31547,5.14741,0.0,283,595.27,6.87,4
0041400101,1610612737,203118,60.01334,22.89403,0.0,283,595.27,6.87,4
0041400101,1610612737,203145,57.23492,5.74741,0.0,283,595.27,6.87,4
0041400101,1610612737,203471,50.39413,25.73357,0.0,283,595.27,6.87,4
0041400101,1610612737,203544,84.59119,16.68457,0.0,283,595.27,6.87,4
0041400101,1610612751,2207,50.29994,7.20819,0.0,283,595.27,6.87,4
0041400101,1610612751,101187,83.32437,23.59571,0.0,283,595.27,6.87,4
0041400101,1610612751,101127,90.58512,2.61831,0.0,283,595.27,6.87,4
0041400101,1610612751,201947,53.00565,38.41944,0.0,283,595.27,6.87,4
0041400101,1610612751,203486,66.53293,8.91281,0.0,283,595.27,6.87,4
0041400101,-1,-1,57.82429,7.66246,5.41923,284,595.23,23.99,4
0041400101,1610612737,2594,70.69117,4.9653,0.0,284,595.23,23.99,4
0041400101,1610612737,203118,59.30089,22.93645,0.0,284,595.23,23.99,4
0041400101,1610612737,203145,57.2835,5.77161,0.0,284,595.23,23.99,4
0041400101,1610612737,203471,49.53235,25.62417,0.0,284,595.23,23.99,4
0041400101,1610612737,203544,84.37737,16.85216,0.0,284,595.23,23.99,4
0041400101,1610612751,2207,49.93027,7.47373,0.0,284,595.23,23.99,4
0041400101,1610612751,101187,82.91168,23.61304,0.0,284,595.23,23.99,4
0041400101,1610612751,101127,90.25598,2.70399,0.0,284,595.23,23.99,4
0041400101,1610612751,201947,52.29709,38.186,0.0,284,595.23,23.99,4
0041400101,1610612751,203486,66.02036,8.88681,0.0,284,595.23,23.99,4
0041400101,-1,-1,56.6124,8.82139,5.7878,285,595.19,23.95,4
0041400101,1610612737,2594,70.07275,4.79102,0.0,285,595.19,23.95,4
0041400101,1610612737,203118,58.58522,22.9909,0.0,285,595.19,23.95,4
0041400101,1610612737,203145,57.29783,5.77813,0.0,285,595.19,23.95,4
0041400101,1610612737,203471,48.67723,25.51076,0.0,285,595.19,23.95,4
0041400101,1610612737,203544,84.16619,17.0114,0.0,285,595.19,23.95,4
0041400101,1610612751,2207,49.5683,7.76395,0.0,285,595.19,23.95,4
0041400101,1610612751,101187,82.48022,23.62558,0.0,285,595.19,23.95,4
0041400101,1610612751,101127,89.91028,2.7905,0.0,285,595.19,23.95,4
0041400101,1610612751,201947,51.58419,37.94268,0.0,285,595.19,23.95,4
0041400101,1610612751,203486,65.4951,8.87611,0.0,285,595.19,23.95,4
0041400101,-1,-1,55.732,9.58146,7.07448,286,595.15,23.9,4
0041400101,1610612737,2594,69.45243,4.63097,0.0,286,595.15,23.9,4
0041400101,1610612737,203118,57.86967,23.03061,0.0,286,595.15,23.9,4
0041400101,1610612737,203145,57.31948,5.76255,0.0,286,595.15,23.9,4
0041400101,1610612737,203471,47.81174,25.39858,0.0,286,595.15,23.9,4
0041400101,1610612737,203544,83.95294,17.16094,0.0,286,595.15,23.9,4
0041400101,1610612751,2207,49.20738,8.06364,0.0,286,595.15,23.9,4
0041400101,1610612751,101187,82.04318,23.63987,0.0,286,595.15,23.9,4
0041400101,1610612751,101127,89.53669,2.88285,0.0,286,595.15,23.9,4
0041400101,1610612751,201947,50.86338,37.69098,0.0,286,595.15,23.9,4
0041400101,1610612751,203486,64.96234,8.87761,0.0,286,595.15,23.9,4
0041400101,-1,-1,54.49205,10.65837,6.99163,287,595.11,23.86,4
0041400101,1610612737,2594,68.82859,4.46896,0.0,287,595.11,23.86,4
0041400101,1610612737,203118,57.15375,23.13078,0.0,287,595.11,23.86,4
0041400101,1610612737,203145,57.34848,5.73244,0.0,287,595.11,23.86,4
0041400101,1610612737,203471,46.93038,25.29508,0.0,287,595.11,23.86,4
0041400101,1610612737,203544,83.74601,17.30987,0.0,287,595.11,23.86,4
0041400101,1610612751,2207,48.83417,8.36894,0.0,287,595.11,23.86,4
0041400101,1610612751,101187,81.60423,23.66237,0.0,287,595.11,23.86,4
0041400101,1610612751,101127,89.16072,2.94254,0.0,287,595.11,23.86,4
0041400101,1610612751,201947,50.1298,37.45012,0.0,287,595.11,23.86,4
0041400101,1610612751,203486,64.41473,8.8808,0.0,287,595.11,23.86,4
0041400101,-1,-1,52.9874,11.97047,6.80938,288,595.07,23.82,4
0041400101,1610612737,2594,68.21174,4.29779,0.0,288,595.07,23.82,4
0041400101,1610612737,203118,56.40666,23.24324,0.0,288,595.07,23.82,4
0041400101,1610612737,203145,57.39412,5.71453,0.0,288,595.07,23.82,4
0041400101,1610612737,203471,46.05039,25.16941,0.0,288,595.07,23.82,4
0041400101,1610612737,203544,83.53681,17.4537,0.0,288,595.07,23.82,4
0041400101,1610612751,2207,48.47037,8.68264,0.0,288,595.07,23.82,4
0041400101,1610612751,101187,81.16572,23.68688,0.0,288,595.07,23.82,4
0041400101,1610612751,101127,88.77467,3.00056,0.0,288,595.07,23.82,4
0041400101,1610612751,201947,49.3987,37.16489,0.0,288,595.07,23.82,4
0041400101,1610612751,203486,63.86559,8.90046,0.0,288,595.07,23.82,4
0041400101,-1,-1,51.41094,13.35363,6.62712,289,595.03,23.77,4
0041400101,1610612737,2594,67.59522,4.14976,0.0,289,595.03,23.77,4
0041400101,1610612737,203118,55.67583,23.29525,0.0,289,595.03,23.77,4
0041400101,1610612737,203145,57.46115,5.66956,0.0,289,595.03,23.77,4
0041400101,1610612737,203471,45.17967,25.02376,0.0,289,595.03,23.77,4
0041400101,1610612737,203544,83.31677,17.59121,0.0,289,595.03,23.77,4
0041400101,1610612751,2207,48.08879,8.98305,0.0,289,595.03,23.77,4
0041400101,1610612751,101187,80.71605,23.7201,0.0,289,595.03,23.77,4
0041400101,1610612751,101127,88.38496,3.06179,0.0,289,595.03,23.77,4
0041400101,1610612751,201947,48.65315,36.92342,0.0,289,595.03,23.77,4
0041400101,1610612751,203486,63.31671,8.95404,0.0,289,595.03,23.77,4
0041400101,-1,-1,49.95554,14.6437,6.54427,290,594.99,23.73,4
0041400101,1610612737,2594,66.98292,4.00076,0.0,290,594.99,23.73,4
0041400101,1610612737,203118,54.93883,23.35366,0.0,290,594.99,23.73,4
0041400101,1610612737,203145,57.5378,5.60082,0.0,290,594.99,23.73,4
0041400101,1610612737,203471,44.31457,24.88019,0.0,290,594.99,23.73,4
0041400101,1610612737,203544,83.09596,17.7222,0.0,290,594.99,23.73,4
0041400101,1610612751,2207,47.6757,9.34343,0.0,290,594.99,23.73,4
0041400101,1610612751,101187,80.26013,23.76499,0.0,290,594.99,23.73,4
0041400101,1610612751,101127,87.99174,3.14579,0.0,290,594.99,23.73,4
0041400101,1610612751,201947,47.89144,36.67284,0.0,290,594.99,23.73,4
0041400101,1610612751,203486,62.78356,9.0565,0.0,290,594.99,23.73,4
0041400101,-1,-1,48.69126,15.78633,6.72039,291,594.95,23.69,4
0041400101,1610612737,2594,66.37637,3.84025,0.0,291,594.95,23.69,4
0041400101,1610612737,203118,54.19637,23.40236,0.0,291,594.95,23.69,4
0041400101,1610612737,203145,57.62935,5.51022,0.0,291,594.95,23.69,4
0041400101,1610612737,203471,43.43776,24.73835,0.0,291,594.95,23.69,4
0041400101,1610612737,203544,82.87592,17.8326,0.0,291,594.95,23.69,4
0041400101,1610612751,2207,47.24901,9.71378,0.0,291,594.95,23.69,4
0041400101,1610612751,101187,79.8043,23.83596,0.0,291,594.95,23.69,4
0041400101,1610612751,101127,87.58466,3.22345,0.0,291,594.95,23.69,4
0041400101,1610612751,201947,47.12666,36.40535,0.0,291,594.95,23.69,4
0041400101,1610612751,203486,62.2169,9.11223,0.0,291,594.95,23.69,4
0041400101,-1,-1,47.51276,16.93893,7.05037,292,594.91,23.64,4
0041400101,1610612737,2594,65.76887,3.67121,0.0,292,594.91,23.64,4
0041400101,1610612737,203118,53.44142,23.45668,0.0,292,594.91,23.64,4
0041400101,1610612737,203145,57.72409,5.39623,0.0,292,594.91,23.64,4
0041400101,1610612737,203471,42.54275,24.58768,0.0,292,594.91,23.64,4
0041400101,1610612737,203544,82.64872,17.93542,0.0,292,594.91,23.64,4
0041400101,1610612751,2207,46.82788,10.04997,0.0,292,594.91,23.64,4
0041400101,1610612751,101187,79.34071,23.92109,0.0,292,594.91,23.64,4
0041400101,1610612751,101127,87.16901,3.31992,0.0,292,594.91,23.64,4
0041400101,1610612751,201947,46.35501,36.14392,0.0,292,594.91,23.64,4
0041400101,1610612751,203486,61.64974,9.18927,0.0,292,594.91,23.64,4
0041400101,-1,-1,46.28631,18.15898,6.43008,293,594.87,23.6,4
0041400101,1610612737,2594,65.16211,3.51195,0.0,293,594.87,23.6,4
0041400101,1610612737,203118,52.68331,23.52567,0.0,293,594.87,23.6,4
0041400101,1610612737,203145,57.84729,5.26541,0.0,293,594.87,23.6,4
0041400101,1610612737,203471,41.64181,24.43334,0.0,293,594.87,23.6,4
0041400101,1610612737,203544,82.42355,18.03063,0.0,293,594.87,23.6,4
0041400101,1610612751,2207,46.41323,10.38398,0.0,293,594.87,23.6,4
0041400101,1610612751,101187,78.86889,24.00379,0.0,293,594.87,23.6,4
0041400101,1610612751,101127,86.74283,3.42158,0.0,293,594.87,23.6,4
0041400101,1610612751,201947,45.59456,35.89491,0.0,293,594.87,23.6,4
0041400101,1610612751,203486,61.07838,9.31356,0.0,293,594.87,23.6,4
0041400101,-1,-1,44.78196,18.97687,6.65247,294,594.83,23.56,4
0041400101,1610612737,2594,64.5768,3.35617,0.0,294,594.83,23.56,4
0041400101,1610612737,203118,51.91747,23.57743,0.0,294,594.83,23.56,4
0041400101,1610612737,203145,57.97911,5.13962,0.0,294,594.83,23.56,4
0041400101,1610612737,203471,40.74728,24.26208,0.0,294,594.83,23.56,4
0041400101,1610612737,203544,82.20249,18.12265,0.0,294,594.83,23.56,4
0041400101,1610612751,2207,45.99166,10.71139,0.0,294,594.83,23.56,4
0041400101,1610612751,101187,78.38683,24.08371,0.0,294,594.83,23.56,4
0041400101,1610612751,101127,86.30337,3.52849,0.0,294,594.83,23.56,4
0041400101,1610612751,201947,44.81734,35.62491,0.0,294,594.83,23.56,4
0041400101,1610612751,203486,60.50399,9.43367,0.0,294,594.83,23.56,4
0041400101,-1,-1,43.57262,20.14192,6.52622,295,594.79,23.51,4
0041400101,1610612737,2594,63.98007,3.2417,0.0,295,594.79,23.51,4
0041400101,1610612737,203118,51.14521,23.63378,0.0,295,594.79,23.51,4
0041400101,1610612737,203145,58.1488,4.94749,0.0,295,594.79,23.51,4
0041400101,1610612737,203471,39.86663,24.10159,0.0,295,594.79,23.51,4
0041400101,1610612737,203544,81.98471,18.21402,0.0,295,594.79,23.51,4
0041400101,1610612751,2207,45.55667,11.04295,0.0,295,594.79,23.51,4
0041400101,1610612751,101187,77.8979,24.14571,0.0,295,594.79,23.51,4
0041400101,1610612751,101127,85.85196,3.62796,0.0,295,594.79,23.51,4
0041400101,1610612751,201947,44.03568,35.36494,0.0,295,594.79,23.51,4
0041400101,1610612751,203486,59.92414,9.56559,0.0,295,594.79,23.51,4
0041400101,-1,-1,42.16158,21.24812,6.40837,296,594.75,23.47,4
0041400101,1610612737,2594,63.39012,3.15755,0.0,296,594.75,23.47,4
0041400101,1610612737,203118,50.37566,23.69083,0.0,296,594.75,23.47,4
0041400101,1610612737,203145,58.28252,4.75702,0.0,296,594.75,23.47,4
0041400101,1610612737,203471,39.00295,23.93576,0.0,296,594.75,23.47,4
0041400101,1610612737,203544,81.77263,18.30172,0.0,296,594.75,23.47,4
0041400101,1610612751,2207,45.10942,11.39179,0.0,296,594.75,23.47,4
0041400101,1610612751,101187,77.39732,24.20223,0.0,296,594.75,23.47,4
0041400101,1610612751,101127,85.39008,3.72271,0.0,296,594.75,23.47,4
0041400101,1610612751,201947,43.2497,35.10259,0.0,296,594.75,23.47,4
0041400101,1610612751,203486,59.33239,9.7067,0.0,296,594.75,23.47,4
0041400101,-1,-1,41.06178,22.52726,6.1824,297,594.71,23.43,4
0041400101,1610612737,2594,62.78176,3.14503,0.0,297,594.71,23.43,4
0041400101,1610612737,203118,49.59272,23.76031,0.0,297,594.71,23.43,4
0041400101,1610612737,203145,58.39611,4.5571,0.0,297,594.71,23.43,4
0041400101,1610612737,203471,38.1648,23.78761,0.0,297,594.71,23.43,4
0041400101,1610612737,203544,81.56059,18.39262,0.0,297,594.71,23.43,4
0041400101,1610612751,2207,44.64936,11.75386,0.0,297,594.71,23.43,4
0041400101,1610612751,101187,76.89941,24.2777,0.0,297,594.71,23.43,4
0041400101,1610612751,101127,84.92056,3.81537,0.0,297,594.71,23.43,4
0041400101,1610612751,201947,42.46239,34.83321,0.0,297,594.71,23.43,4
0041400101,1610612751,203486,58.73821,9.86114,0.0,297,594.71,23.43,4
0041400101,-1,-1,39.87926,23.46281,6.01246,298,594.67,23.39,4
0041400101,1610612737,2594,62.17572,3.10113,0.0,298,594.67,23.39,4
0041400101,1610612737,203118,48.81171,23.82484,0.0,298,594.67,23.39,4
0041400101,1610612737,203145,58.4832,4.36592,0.0,298,594.67,23.39,4
0041400101,1610612737,203471,37.3259,23.6304,0.0,298,594.67,23.39,4
0041400101,1610612737,203544,81.35157,18.48299,0.0,298,594.67,23.39,4
0041400101,1610612751,2207,44.16891,12.1276,0.0,298,594.67,23.39,4
0041400101,1610612751,101187,76.39725,24.35311,0.0,298,594.67,23.39,4
0041400101,1610612751,101127,84.44857,3.91885,0.0,298,594.67,23.39,4
0041400101,1610612751,201947,41.66629,34.56309,0.0,298,594.67,23.39,4
0041400101,1610612751,203486,58.14896,10.0116,0.0,298,594.67,23.39,4
0041400101,-1,-1,38.93839,23.71295,5.90613,299,594.63,23.34,4
0041400101,1610612737,2594,61.58792,3.03959,0.0,299,594.63,23.34,4
0041400101,1610612737,203118,48.02761,23.89241,0.0,299,594.63,23.34,4
0041400101,1610612737,203145,58.54614,4.18342,0.0,299,594.63,23.34,4
0041400101,1610612737,203471,36.48566,23.46539,0.0,299,594.63,23.34,4
0041400101,1610612737,203544,81.13774,18.56855,0.0,299,594.63,23.34,4
0041400101,1610612751,2207,43.67559,12.50831,0.0,299,594.63,23.34,4
0041400101,1610612751,101187,75.8917,24.43017,0.0,299,594.63,23.34,4
0041400101,1610612751,101127,83.96149,4.01263,0.0,299,594.63,23.34,4
0041400101,1610612751,201947,40.85453,34.27704,0.0,299,594.63,23.34,4
0041400101,1610612751,203486,57.56046,10.17397,0.0,299,594.63,23.34,4
0041400101,-1,-1,37.90918,23.78916,5.87067,300,594.59,23.3,4
0041400101,1610612737,2594,61.02503,2.93403,0.0,300,594.59,23.3,4
0041400101,1610612737,203118,47.22898,23.9688,0.0,300,594.59,23.3,4
0041400101,1610612737,203145,58.6055,4.03287,0.0,300,594.59,23.3,4
0041400101,1610612737,203471,35.63144,23.29311,0.0,300,594.59,23.3,4
0041400101,1610612737,203544,80.91761,18.65638,0.0,300,594.59,23.3,4
0041400101,1610612751,2207,43.17453,12.88437,0.0,300,594.59,23.3,4
0041400101,1610612751,101187,75.38316,24.52293,0.0,300,594.59,23.3,4
0041400101,1610612751,101127,83.46465,4.11604,0.0,300,594.59,23.3,4
0041400101,1610612751,201947,40.03992,33.98266,0.0,300,594.59,23.3,4
0041400101,1610612751,203486,56.96723,10.33602,0.0,300,594.59,23.3,4
0041400101,-1,-1,36.93363,23.80162,5.48753,301,594.55,23.26,4
0041400101,1610612737,2594,60.49276,2.77721,0.0,301,594.55,23.26,4
0041400101,1610612737,203118,46.43085,24.04586,0.0,301,594.55,23.26,4
0041400101,1610612737,203145,58.6666,3.90858,0.0,301,594.55,23.26,4
0041400101,1610612737,203471,34.78019,23.10509,0.0,301,594.55,23.26,4
0041400101,1610612737,203544,80.70389,18.73302,0.0,301,594.55,23.26,4
0041400101,1610612751,2207,42.66145,13.26083,0.0,301,594.55,23.26,4
0041400101,1610612751,101187,74.86962,24.62754,0.0,301,594.55,23.26,4
0041400101,1610612751,101127,82.97064,4.21764,0.0,301,594.55,23.26,4
0041400101,1610612751,201947,39.21742,33.70563,0.0,301,594.55,23.26,4
0041400101,1610612751,203486,56.36809,10.49807,0.0,301,594.55,23.26,4
0041400101,-1,-1,35.97561,23.12023,5.62643,302,594.51,23.21,4
0041400101,1610612737,2594,59.97654,2.62755,0.0,302,594.51,23.21,4
0041400101,1610612737,203118,45.62247,24.11287,0.0,302,594.51,23.21,4
0041400101,1610612737,203145,58.71311,3.78861,0.0,302,594.51,23.21,4
0041400101,1610612737,203471,33.94287,22.9073,0.0,302,594.51,23.21,4
0041400101,1610612737,203544,80.48446,18.80779,0.0,302,594.51,23.21,4
0041400101,1610612751,2207,42.12552,13.63246,0.0,302,594.51,23.21,4
0041400101,1610612751,101187,74.36174,24.73278,0.0,302,594.51,23.21,4
0041400101,1610612751,101127,82.47696,4.32886,0.0,302,594.51,23.21,4
0041400101,1610612751,201947,38.39597,33.42698,0.0,302,594.51,23.21,4
0041400101,1610612751,203486,55.77168,10.65636,0.0,302,594.51,23.21,4
0041400101,-1,-1,34.8085,22.69406,5.42753,303,594.47,23.17,4
0041400101,1610612737,2594,59.47118,2.48604,0.0,303,594.47,23.17,4
0041400101,1610612737,203118,44.80876,24.17526,0.0,303,594.47,23.17,4
0041400101,1610612737,203145,58.739,3.6484,0.0,303,594.47,23.17,4
0041400101,1610612737,203471,33.1118,22.74542,0.0,303,594.47,23.17,4
0041400101,1610612737,203544,80.27565,18.88801,0.0,303,594.47,23.17,4
0041400101,1610612751,2207,41.56264,13.98999,0.0,303,594.47,23.17,4
0041400101,1610612751,101187,73.85618,24.8524,0.0,303,594.47,23.17,4
0041400101,1610612751,101127,81.98234,4.44408,0.0,303,594.47,23.17,4
0041400101,1610612751,201947,37.5694,33.13493,0.0,303,594.47,23.17,4
0041400101,1610612751,203486,55.1733,10.82881,0.0,303,594.47,23.17,4
0041400101,-1,-1,33.56679,22.15415,5.17441,304,594.43,23.13,4
0041400101,1610612737,2594,58.97942,2.33991,0.0,304,594.43,23.13,4
0041400101,1610612737,203118,43.98667,24.24361,0.0,304,594.43,23.13,4
0041400101,1610612737,203145,58.7371,3.50456,0.0,304,594.43,23.13,4
0041400101,1610612737,203471,32.26997,22.59191,0.0,304,594.43,23.13,4
0041400101,1610612737,203544,80.07544,18.97703,0.0,304,594.43,23.13,4
0041400101,1610612751,2207,40.99397,14.36144,0.0,304,594.43,23.13,4
0041400101,1610612751,101187,73.34597,24.96084,0.0,304,594.43,23.13,4
0041400101,1610612751,101127,81.48166,4.55604,0.0,304,594.43,23.13,4
0041400101,1610612751,201947,36.74043,32.83951,0.0,304,594.43,23.13,4
0041400101,1610612751,203486,54.56143,11.00642,0.0,304,594.43,23.13,4
0041400101,-1,-1,32.14087,21.75042,4.49721,305,594.39,23.08,4
0041400101,1610612737,2594,58.50084,2.19572,0.0,305,594.39,23.08,4
0041400101,1610612737,203118,43.15993,24.30191,0.0,305,594.39,23.08,4
0041400101,1610612737,203145,58.72509,3.36729,0.0,305,594.39,23.08,4
0041400101,1610612737,203471,31.4256,22.44139,0.0,305,594.39,23.08,4
0041400101,1610612737,203544,79.86978,19.06365,0.0,305,594.39,23.08,4
0041400101,1610612751,2207,40.42313,14.72824,0.0,305,594.39,23.08,4
0041400101,1610612751,101187,72.82946,25.06407,0.0,305,594.39,23.08,4
0041400101,1610612751,101127,80.96869,4.66249,0.0,305,594.39,23.08,4
0041400101,1610612751,201947,35.90006,32.53518,0.0,305,594.39,23.08,4
0041400101,1610612751,203486,53.93796,11.16224,0.0,305,594.39,23.08,4
0041400101,-1,-1,30.8613,21.34794,4.29994,306,594.35,23.04,4
0041400101,1610612737,2594,58.03999,2.07596,0.0,306,594.35,23.04,4
0041400101,1610612737,203118,42.32874,24.36775,0.0,306,594.35,23.04,4
0041400101,1610612737,203145,58.7098,3.23624,0.0,306,594.35,23.04,4
0041400101,1610612737,203471,30.58899,22.28742,0.0,306,594.35,23.04,4
0041400101,1610612737,203544,79.6697,19.16499,0.0,306,594.35,23.04,4
0041400101,1610612751,2207,39.84051,15.09883,0.0,306,594.35,23.04,4
0041400101,1610612751,101187,72.31104,25.18214,0.0,306,594.35,23.04,4
0041400101,1610612751,101127,80.45168,4.7817,0.0,306,594.35,23.04,4
0041400101,1610612751,201947,35.06032,32.23804,0.0,306,594.35,23.04,4
0041400101,1610612751,203486,53.31531,11.31593,0.0,306,594.35,23.04,4
0041400101,-1,-1,29.82495,21.07117,3.99569,307,594.31,23.0,4
0041400101,1610612737,2594,57.61002,1.97196,0.0,307,594.31,23.0,4
0041400101,1610612737,203118,41.49893,24.44457,0.0,307,594.31,23.0,4
0041400101,1610612737,203145,58.70017,3.11278,0.0,307,594.31,23.0,4
0041400101,1610612737,203471,29.76704,22.13697,0.0,307,594.31,23.0,4
0041400101,1610612737,203544,79.45187,19.23816,0.0,307,594.31,23.0,4
0041400101,1610612751,2207,39.24476,15.46115,0.0,307,594.31,23.0,4
0041400101,1610612751,101187,71.79613,25.3078,0.0,307,594.31,23.0,4
0041400101,1610612751,101127,79.93032,4.90763,0.0,307,594.31,23.0,4
0041400101,1610612751,201947,34.2174,31.93802,0.0,307,594.31,23.0,4
0041400101,1610612751,203486,52.6985,11.45492,0.0,307,594.31,23.0,4
0041400101,-1,-1,28.54366,20.93568,3.51726,308,594.27,22.95,4
0041400101,1610612737,2594,57.20794,1.87098,0.0,308,594.27,22.95,4
0041400101,1610612737,203118,40.6635,24.52276,0.0,308,594.27,22.95,4
0041400101,1610612737,203145,58.68025,2.99468,0.0,308,594.27,22.95,4
0041400101,1610612737,203471,28.94519,21.98381,0.0,308,594.27,22.95,4
0041400101,1610612737,203544,79.23461,19.31221,0.0,308,594.27,22.95,4
0041400101,1610612751,2207,38.64061,15.82507,0.0,308,594.27,22.95,4
0041400101,1610612751,101187,71.28161,25.44312,0.0,308,594.27,22.95,4
0041400101,1610612751,101127,79.40222,5.0353,0.0,308,594.27,22.95,4
0041400101,1610612751,201947,33.35936,31.62195,0.0,308,594.27,22.95,4
0041400101,1610612751,203486,52.08771,11.59194,0.0,308,594.27,22.95,4
0041400101,-1,-1,27.33967,20.74226,2.82539,309,594.23,22.91,4
0041400101,1610612737,2594,56.81923,1.78557,0.0,309,594.23,22.91,4
0041400101,1610612737,203118,39.8271,24.6083,0.0,309,594.23,22.91,4
0041400101,1610612737,203145,58.66693,2.88243,0.0,309,594.23,22.91,4
0041400101,1610612737,203471,28.12359,21.83132,0.0,309,594.23,22.91,4
0041400101,1610612737,203544,79.00991,19.38952,0.0,309,594.23,22.91,4
0041400101,1610612751,2207,38.01988,16.18521,0.0,309,594.23,22.91,4
0041400101,1610612751,101187,70.76985,25.59991,0.0,309,594.23,22.91,4
0041400101,1610612751,101127,78.87645,5.16275,0.0,309,594.23,22.91,4
0041400101,1610612751,201947,32.49917,31.31104,0.0,309,594.23,22.91,4
0041400101,1610612751,203486,51.47427,11.74122,0.0,309,594.23,22.91,4
0041400101,-1,-1,26.04335,20.32036,2.16321,310,594.19,22.87,4
0041400101,1610612737,2594,56.46728,1.67693,0.0,310,594.19,22.87,4
0041400101,1610612737,203118,38.98223,24.69242,0.0,310,594.19,22.87,4
0041400101,1610612737,203145,58.61547,2.83686,0.0,310,594.19,22.87,4
0041400101,1610612737,203471,27.29578,21.67279,0.0,310,594.19,22.87,4
0041400101,1610612737,203544,78.78869,19.46281,0.0,310,594.19,22.87,4
0041400101,1610612751,2207,37.38886,16.53035,0.0,310,594.19,22.87,4
0041400101,1610612751,101187,70.25835,25.77337,0.0,310,594.19,22.87,4
0041400101,1610612751,101127,78.35929,5.30014,0.0,310,594.19,22.87,4
0041400101,1610612751,201947,31.64523,30.99139,0.0,310,594.19,22.87,4
0041400101,1610612751,203486,50.86836,11.89851,0.0,310,594.19,22.87,4
0041400101,-1,-1,24.69913,20.2744,1.21957,311,594.15,22.82,4
0041400101,1610612737,2594,56.15957,1.54998,0.0,311,594.15,22.82,4
0041400101,1610612737,203118,38.13428,24.77353,0.0,311,594.15,22.82,4
0041400101,1610612737,203145,58.58818,2.79852,0.0,311,594.15,22.82,4
0041400101,1610612737,203471,26.45564,21.51749,0.0,311,594.15,22.82,4
0041400101,1610612737,203544,78.56747,19.54415,0.0,311,594.15,22.82,4
0041400101,1610612751,2207,36.74739,16.86975,0.0,311,594.15,22.82,4
0041400101,1610612751,101187,69.75011,25.95416,0.0,311,594.15,22.82,4
0041400101,1610612751,101127,77.83662,5.44166,0.0,311,594.15,22.82,4
0041400101,1610612751,201947,30.78614,30.66758,0.0,311,594.15,22.82,4
0041400101,1610612751,203486,50.25803,12.06329,0.0,311,594.15,22.82,4
0041400101,-1,-1,23.86702,20.06052,0.38926,312,594.11,22.78,4
0041400101,1610612737,2594,55.89325,1.36568,0.0,312,594.11,22.78,4
0041400101,1610612737,203118,37.29138,24.84715,0.0,312,594.11,22.78,4
0041400101,1610612737,203145,58.58,2.77066,0.0,312,594.11,22.78,4
0041400101,1610612737,203471,25.59608,21.35446,0.0,312,594.11,22.78,4
0041400101,1610612737,203544,78.35162,19.62265,0.0,312,594.11,22.78,4
0041400101,1610612751,2207,36.10465,17.20346,0.0,312,594.11,22.78,4
0041400101,1610612751,101187,69.24644,26.134,0.0,312,594.11,22.78,4
0041400101,1610612751,101127,77.30595,5.56942,0.0,312,594.11,22.78,4
0041400101,1610612751,201947,29.92158,30.3453,0.0,312,594.11,22.78,4
0041400101,1610612751,203486,49.65105,12.21644,0.0,312,594.11,22.78,4
0041400101,-1,-1,23.6792,20.3705,0.0865,313,594.07,22.74,4
0041400101,1610612737,2594,55.63335,1.26388,0.0,313,594.07,22.74,4
0041400101,1610612737,203118,36.44329,24.91985,0.0,313,594.07,22.74,4
0041400101,1610612737,203145,58.59566,2.73516,0.0,313,594.07,22.74,4
0041400101,1610612737,203471,24.73846,21.20201,0.0,313,594.07,22.74,4
0041400101,1610612737,203544,78.13272,19.69668,0.0,313,594.07,22.74,4
0041400101,1610612751,2207,35.45188,17.52855,0.0,313,594.07,22.74,4
0041400101,1610612751,101187,68.74346,26.30992,0.0,313,594.07,22.74,4
0041400101,1610612751,101127,76.76533,5.68822,0.0,313,594.07,22.74,4
0041400101,1610612751,201947,29.05627,30.00471,0.0,313,594.07,22.74,4
0041400101,1610612751,203486,49.03762,12.37856,0.0,313,594.07,22.74,4
0041400101,-1,-1,22.64307,19.81938,1.97115,314,594.03,22.7,4
0041400101,1610612737,2594,55.36727,1.19465,0.0,314,594.03,22.7,4
0041400101,1610612737,203118,35.58555,24.98706,0.0,314,594.03,22.7,4
0041400101,1610612737,203145,58.63584,2.6951,0.0,314,594.03,22.7,4
0041400101,1610612737,203471,23.88371,21.06164,0.0,314,594.03,22.7,4
0041400101,1610612737,203544,77.90938,19.779,0.0,314,594.03,22.7,4
0041400101,1610612751,2207,34.78808,17.84952,0.0,314,594.03,22.7,4
0041400101,1610612751,101187,68.23422,26.48029,0.0,314,594.03,22.7,4
0041400101,1610612751,101127,76.2288,5.80907,0.0,314,594.03,22.7,4
0041400101,1610612751,201947,28.19576,29.67709,0.0,314,594.03,22.7,4
0041400101,1610612751,203486,48.4137,12.53555,0.0,314,594.03,22.7,4
0041400101,-1,-1,22.28036,19.68294,2.60044,315,593.99,22.65,4
0041400101,1610612737,2594,55.10108,1.1786,0.0,315,593.99,22.65,4
0041400101,1610612737,203118,34.73182,25.04702,0.0,315,593.99,22.65,4
0041400101,1610612737,203145,58.68131,2.63382,0.0,315,593.99,22.65,4
0041400101,1610612737,203471,23.04509,20.93632,0.0,315,593.99,22.65,4
0041400101,1610612737,203544,77.69698,19.84925,0.0,315,593.99,22.65,4
0041400101,1610612751,2207,34.11051,18.1671,0.0,315,593.99,22.65,4
0041400101,1610612751,101187,67.73388,26.6484,0.0,315,593.99,22.65,4
0041400101,1610612751,101127,75.6901,5.92926,0.0,315,593.99,22.65,4
0041400101,1610612751,201947,27.32841,29.36276,0.0,315,593.99,22.65,4
0041400101,1610612751,203486,47.78671,12.68346,0.0,315,593.99,22.65,4
0041400101,-1,-1,21.59289,19.63595,3.1781,316,593.95,22.61,4
0041400101,1610612737,2594,54.8397,1.20984,0.0,316,593.95,22.61,4
0041400101,1610612737,203118,33.88144,25.10273,0.0,316,593.95,22.61,4
0041400101,1610612737,203145,58.72281,2.55603,0.0,316,593.95,22.61,4
0041400101,1610612737,203471,22.20667,20.83004,0.0,316,593.95,22.61,4
0041400101,1610612737,203544,77.4756,19.92256,0.0,316,593.95,22.61,4
0041400101,1610612751,2207,33.42789,18.47111,0.0,316,593.95,22.61,4
0041400101,1610612751,101187,67.24007,26.81231,0.0,316,593.95,22.61,4
0041400101,1610612751,101127,75.15248,6.0544,0.0,316,593.95,22.61,4
0041400101,1610612751,201947,26.47525,29.03171,0.0,316,593.95,22.61,4
0041400101,1610612751,203486,47.16049,12.83429,0.0,316,593.95,22.61,4
0041400101,-1,-1,20.89794,19.45182,3.58189,317,593.91,22.57,4
0041400101,1610612737,2594,54.5896,1.25009,0.0,317,593.91,22.57,4
0041400101,1610612737,203118,33.04886,25.14157,0.0,317,593.91,22.57,4
0041400101,1610612737,203145,58.77073,2.47876,0.0,317,593.91,22.57,4
0041400101,1610612737,203471,21.37218,20.73905,0.0,317,593.91,22.57,4
0041400101,1610612737,203544,77.25221,19.98134,0.0,317,593.91,22.57,4
0041400101,1610612751,2207,32.73926,18.76017,0.0,317,593.91,22.57,4
0041400101,1610612751,101187,66.73431,26.98787,0.0,317,593.91,22.57,4
0041400101,1610612751,101127,74.60736,6.18034,0.0,317,593.91,22.57,4
0041400101,1610612751,201947,25.62105,28.69911,0.0,317,593.91,22.57,4
0041400101,1610612751,203486,46.53481,12.9874,0.0,317,593.91,22.57,4
0041400101,-1,-1,20.12,19.62506,3.79781,318,593.87,22.52,4
0041400101,1610612737,2594,54.35568,1.29692,0.0,318,593.87,22.52,4
0041400101,1610612737,203118,32.21768,25.17734,0.0,318,593.87,22.52,4
0041400101,1610612737,203145,58.82446,2.40851,0.0,318,593.87,22.52,4
0041400101,1610612737,203471,20.53934,20.64457,0.0,318,593.87,22.52,4
0041400101,1610612737,203544,77.01311,20.03333,0.0,318,593.87,22.52,4
0041400101,1610612751,2207,32.04634,19.0314,0.0,318,593.87,22.52,4
0041400101,1610612751,101187,66.2339,27.16618,0.0,318,593.87,22.52,4
0041400101,1610612751,101127,74.06241,6.30719,0.0,318,593.87,22.52,4
0041400101,1610612751,201947,24.77744,28.34529,0.0,318,593.87,22.52,4
0041400101,1610612751,203486,45.90286,13.134,0.0,318,593.87,22.52,4
0041400101,-1,-1,19.26102,19.49916,3.62315,319,593.83,22.48,4
0041400101,1610612737,2594,54.13025,1.35021,0.0,319,593.83,22.48,4
0041400101,1610612737,203118,31.37827,25.21253,0.0,319,593.83,22.48,4
0041400101,1610612737,203145,58.88208,2.34673,0.0,319,593.83,22.48,4
0041400101,1610612737,203471,19.72989,20.56692,0.0,319,593.83,22.48,4
0041400101,1610612737,203544,76.77328,20.0613,0.0,319,593.83,22.48,4
0041400101,1610612751,2207,31.36218,19.28549,0.0,319,593.83,22.48,4
0041400101,1610612751,101187,65.734,27.36065,0.0,319,593.83,22.48,4
0041400101,1610612751,101127,73.51626,6.43635,0.0,319,593.83,22.48,4
0041400101,1610612751,201947,23.92452,28.00199,0.0,319,593.83,22.48,4
0041400101,1610612751,203486,45.2802,13.27235,0.0,319,593.83,22.48,4
0041400101,-1,-1,18.02849,19.72685,3.39502,320,593.79,22.44,4
0041400101,1610612737,2594,53.91403,1.41399,0.0,320,593.79,22.44,4
0041400101,1610612737,203118,30.54476,25.25823,0.0,320,593.79,22.44,4
0041400101,1610612737,203145,58.94548,2.28623,0.0,320,593.79,22.44,4
0041400101,1610612737,203471,18.92037,20.50283,0.0,320,593.79,22.44,4
0041400101,1610612737,203544,76.53593,20.08164,0.0,320,593.79,22.44,4
0041400101,1610612751,2207,30.66211,19.52106,0.0,320,593.79,22.44,4
0041400101,1610612751,101187,65.24403,27.55242,0.0,320,593.79,22.44,4
0041400101,1610612751,101127,72.97589,6.57185,0.0,320,593.79,22.44,4
0041400101,1610612751,201947,23.07641,27.68164,0.0,320,593.79,22.44,4
0041400101,1610612751,203486,44.65018,13.40947,0.0,320,593.79,22.44,4
0041400101,-1,-1,16.96003,19.85603,2.96818,321,593.75,22.39,4
0041400101,1610612737,2594,53.70569,1.48727,0.0,321,593.75,22.39,4
0041400101,1610612737,203118,29.70848,25.29178,0.0,321,593.75,22.39,4
0041400101,1610612737,203145,59.0165,2.23354,0.0,321,593.75,22.39,4
0041400101,1610612737,203471,18.11933,20.46087,0.0,321,593.75,22.39,4
0041400101,1610612737,203544,76.29738,20.09197,0.0,321,593.75,22.39,4
0041400101,1610612751,2207,29.95388,19.74983,0.0,321,593.75,22.39,4
0041400101,1610612751,101187,64.75937,27.74017,0.0,321,593.75,22.39,4
0041400101,1610612751,101127,72.43389,6.70333,0.0,321,593.75,22.39,4
0041400101,1610612751,201947,22.2345,27.3682,0.0,321,593.75,22.39,4
0041400101,1610612751,203486,44.01806,13.54849,0.0,321,593.75,22.39,4
0041400101,-1,-1,16.06424,20.06447,2.57975,322,593.71,22.35,4
0041400101,1610612737,2594,53.49529,1.55596,0.0,322,593.71,22.35,4
0041400101,1610612737,203118,28.86767,25.3002,0.0,322,593.71,22.35,4
0041400101,1610612737,203145,59.08172,2.18269,0.0,322,593.71,22.35,4
0041400101,1610612737,203471,17.32518,20.43442,0.0,322,593.71,22.35,4
0041400101,1610612737,203544,76.07826,20.12114,0.0,322,593.71,22.35,4
0041400101,1610612751,2207,29.23305,19.99116,0.0,322,593.71,22.35,4
0041400101,1610612751,101187,64.27945,27.93976,0.0,322,593.71,22.35,4
0041400101,1610612751,101127,71.8928,6.83472,0.0,322,593.71,22.35,4
0041400101,1610612751,201947,21.40003,27.0617,0.0,322,593.71,22.35,4
0041400101,1610612751,203486,43.38306,13.69255,0.0,322,593.71,22.35,4
0041400101,-1,-1,15.42568,20.48406,2.60009,323,593.67,22.31,4
0041400101,1610612737,2594,53.28774,1.63144,0.0,323,593.67,22.31,4
0041400101,1610612737,203118,28.03586,25.30181,0.0,323,593.67,22.31,4
0041400101,1610612737,203145,59.14738,2.13377,0.0,323,593.67,22.31,4
0041400101,1610612737,203471,16.53979,20.44068,0.0,323,593.67,22.31,4
0041400101,1610612737,203544,75.86321,20.14238,0.0,323,593.67,22.31,4
0041400101,1610612751,2207,28.49716,20.23253,0.0,323,593.67,22.31,4
0041400101,1610612751,101187,63.80075,28.1309,0.0,323,593.67,22.31,4
0041400101,1610612751,101127,71.35319,6.96817,0.0,323,593.67,22.31,4
0041400101,1610612751,201947,20.56564,26.75456,0.0,323,593.67,22.31,4
0041400101,1610612751,203486,42.73835,13.83831,0.0,323,593.67,22.31,4
0041400101,-1,-1,15.02179,21.00233,2.62851,324,593.63,22.26,4
0041400101,1610612737,2594,53.08908,1.71834,0.0,324,593.63,22.26,4
0041400101,1610612737,203118,27.22186,25.27208,0.0,324,593.63,22.26,4
0041400101,1610612737,203145,59.20476,2.08682,0.0,324,593.63,22.26,4
0041400101,1610612737,203471,15.78517,20.44994,0.0,324,593.63,22.26,4
0041400101,1610612737,203544,75.64781,20.16209,0.0,324,593.63,22.26,4
0041400101,1610612751,2207,27.76768,20.47859,0.0,324,593.63,22.26,4
0041400101,1610612751,101187,63.32064,28.31287,0.0,324,593.63,22.26,4
0041400101,1610612751,101127,70.81106,7.10745,0.0,324,593.63,22.26,4
0041400101,1610612751,201947,19.73498,26.44411,0.0,324,593.63,22.26,4
0041400101,1610612751,203486,42.09078,13.9727,0.0,324,593.63,22.26,4
0041400101,-1,-1,14.73504,21.25533,2.81744,325,593.59,22.22,4
0041400101,1610612737,2594,52.88833,1.79492,0.0,325,593.59,22.22,4
0041400101,1610612737,203118,26.41062,25.24377,0.0,325,593.59,22.22,4
0041400101,1610612737,203145,59.26115,2.03819,0.0,325,593.59,22.22,4
0041400101,1610612737,203471,15.04038,20.46578,0.0,325,593.59,22.22,4
0041400101,1610612737,203544,75.43372,20.1767,0.0,325,593.59,22.22,4
0041400101,1610612751,2207,27.03287,20.72599,0.0,325,593.59,22.22,4
0041400101,1610612751,101187,62.84551,28.49801,0.0,325,593.59,22.22,4
0041400101,1610612751,101127,70.26188,7.24131,0.0,325,593.59,22.22,4
0041400101,1610612751,201947,18.90788,26.14026,0.0,325,593.59,22.22,4
0041400101,1610612751,203486,41.43119,14.09346,0.0,325,593.59,22.22,4
0041400101,-1,-1,14.39517,21.36611,2.9837,326,593.55,22.18,4
0041400101,1610612737,2594,52.68642,1.89445,0.0,326,593.55,22.18,4
0041400101,1610612737,203118,25.58351,25.17672,0.0,326,593.55,22.18,4
0041400101,1610612737,203145,59.31348,1.98478,0.0,326,593.55,22.18,4
0041400101,1610612737,203471,14.33317,20.51258,0.0,326,593.55,22.18,4
0041400101,1610612737,203544,75.21435,20.19404,0.0,326,593.55,22.18,4
0041400101,1610612751,2207,26.29167,20.94196,0.0,326,593.55,22.18,4
0041400101,1610612751,101187,62.37615,28.68535,0.0,326,593.55,22.18,4
0041400101,1610612751,101127,69.72052,7.37278,0.0,326,593.55,22.18,4
0041400101,1610612751,201947,18.09505,25.83733,0.0,326,593.55,22.18,4
0041400101,1610612751,203486,40.78094,14.20804,0.0,326,593.55,22.18,4
0041400101,-1,-1,13.64014,21.35426,2.74616,327,593.51,22.14,4
0041400101,1610612737,2594,52.48653,1.99542,0.0,327,593.51,22.14,4
0041400101,1610612737,203118,24.73871,25.07957,0.0,327,593.51,22.14,4
0041400101,1610612737,203145,59.36348,1.93611,0.0,327,593.51,22.14,4
0041400101,1610612737,203471,13.64187,20.58302,0.0,327,593.51,22.14,4
0041400101,1610612737,203544,74.99524,20.2083,0.0,327,593.51,22.14,4
0041400101,1610612751,2207,25.55905,21.1598,0.0,327,593.51,22.14,4
0041400101,1610612751,101187,61.90736,28.87384,0.0,327,593.51,22.14,4
0041400101,1610612751,101127,69.1811,7.52083,0.0,327,593.51,22.14,4
0041400101,1610612751,201947,17.2822,25.53667,0.0,327,593.51,22.14,4
0041400101,1610612751,203486,40.13924,14.3399,0.0,327,593.51,22.14,4
0041400101,-1,-1,12.62198,21.32096,2.46507,328,593.47,22.09,4
0041400101,1610612737,2594,52.30768,2.06627,0.0,328,593.47,22.09,4
0041400101,1610612737,203118,23.95107,24.98122,0.0,328,593.47,22.09,4
0041400101,1610612737,203145,59.40929,1.89398,0.0,328,593.47,22.09,4
0041400101,1610612737,203471,13.00546,20.66145,0.0,328,593.47,22.09,4
0041400101,1610612737,203544,74.7934,20.21878,0.0,328,593.47,22.09,4
0041400101,1610612751,2207,24.88094,21.36198,0.0,328,593.47,22.09,4
0041400101,1610612751,101187,61.47082,29.06194,0.0,328,593.47,22.09,4
0041400101,1610612751,101127,68.68164,7.65893,0.0,328,593.47,22.09,4
0041400101,1610612751,201947,16.52301,25.26735,0.0,328,593.47,22.09,4
0041400101,1610612751,203486,39.53968,14.46606,0.0,328,593.47,22.09,4
0041400101,-1,-1,11.60686,21.72788,2.70454,329,593.43,22.05,4
0041400101,1610612737,2594,52.13767,2.14557,0.0,329,593.43,22.05,4
0041400101,1610612737,203118,23.17133,24.92903,0.0,329,593.43,22.05,4
0041400101,1610612737,203145,59.45334,1.85285,0.0,329,593.43,22.05,4
0041400101,1610612737,203471,12.37042,20.78361,0.0,329,593.43,22.05,4
0041400101,1610612737,203544,74.58316,20.22067,0.0,329,593.43,22.05,4
0041400101,1610612751,2207,24.174,21.55707,0.0,329,593.43,22.05,4
0041400101,1610612751,101187,61.02046,29.27782,0.0,329,593.43,22.05,4
0041400101,1610612751,101127,68.14743,7.79662,0.0,329,593.43,22.05,4
0041400101,1610612751,201947,15.75589,24.99793,0.0,329,593.43,22.05,4
0041400101,1610612751,203486,38.90559,14.61131,0.0,329,593.43,22.05,4
0041400101,-1,-1,10.64994,22.1348,3.26122,330,593.39,22.01,4
0041400101,1610612737,2594,51.97492,2.22867,0.0,330,593.39,22.01,4
0041400101,1610612737,203118,22.39832,24.87508,0.0,330,593.39,22.01,4
0041400101,1610612737,203145,59.49045,1.81299,0.0,330,593.39,22.01,4
0041400101,1610612737,203471,11.76675,20.91409,0.0,330,593.39,22.01,4
0041400101,1610612737,203544,74.37147,20.2236,0.0,330,593.39,22.01,4
0041400101,1610612751,2207,23.43709,21.75034,0.0,330,593.39,22.01,4
0041400101,1610612751,101187,60.57984,29.50306,0.0,330,593.39,22.01,4
0041400101,1610612751,101127,67.61022,7.93886,0.0,330,593.39,22.01,4
0041400101,1610612751,201947,15.0272,24.74953,0.0,330,593.39,22.01,4
0041400101,1610612751,203486,38.27119,14.75958,0.0,330,593.39,22.01,4
0041400101,-1,-1,9.82856,22.0894,4.46946,331,593.35,21.96,4
0041400101,1610612737,2594,51.81788,2.32677,0.0,331,593.35,21.96,4
0041400101,1610612737,203118,21.62138,24.83299,0.0,331,593.35,21.96,4
0041400101,1610612737,203145,59.5256,1.77266,0.0,331,593.35,21.96,4
0041400101,1610612737,203471,11.19765,21.04683,0.0,331,593.35,21.96,4
0041400101,1610612737,203544,74.16765,20.22848,0.0,331,593.35,21.96,4
0041400101,1610612751,2207,22.6854,21.93835,0.0,331,593.35,21.96,4
0041400101,1610612751,101187,60.14486,29.72524,0.0,331,593.35,21.96,4
0041400101,1610612751,101127,67.07108,8.06889,0.0,331,593.35,21.96,4
0041400101,1610612751,201947,14.30977,24.51848,0.0,331,593.35,21.96,4
0041400101,1610612751,203486,37.63612,14.90518,0.0,331,593.35,21.96,4
0041400101,-1,-1,9.08645,22.05835,5.25475,332,593.31,21.92,4
0041400101,1610612737,2594,51.66474,2.42493,0.0,332,593.31,21.92,4
0041400101,1610612737,203118,20.8486,24.81049,0.0,332,593.31,21.92,4
0041400101,1610612737,203145,59.55899,1.73594,0.0,332,593.31,21.92,4
0041400101,1610612737,203471,10.63527,21.17364,0.0,332,593.31,21.92,4
0041400101,1610612737,203544,73.96429,20.24198,0.0,332,593.31,21.92,4
0041400101,1610612751,2207,21.93267,22.11681,0.0,332,593.31,21.92,4
0041400101,1610612751,101187,59.71465,29.93936,0.0,332,593.31,21.92,4
0041400101,1610612751,101127,66.53832,8.20036,0.0,332,593.31,21.92,4
0041400101,1610612751,201947,13.61131,24.28527,0.0,332,593.31,21.92,4
0041400101,1610612751,203486,37.00077,15.04573,0.0,332,593.31,21.92,4
0041400101,-1,-1,8.61588,21.94135,6.10697,333,593.27,21.88,4
0041400101,1610612737,2594,51.51719,2.53231,0.0,333,593.27,21.88,4
0041400101,1610612737,203118,20.08275,24.78404,0.0,333,593.27,21.88,4
0041400101,1610612737,203145,59.5915,1.69602,0.0,333,593.27,21.88,4
0041400101,1610612737,203471,10.10249,21.28489,0.0,333,593.27,21.88,4
0041400101,1610612737,203544,73.77164,20.25385,0.0,333,593.27,21.88,4
0041400101,1610612751,2207,21.20491,22.31411,0.0,333,593.27,21.88,4
0041400101,1610612751,101187,59.28399,30.13886,0.0,333,593.27,21.88,4
0041400101,1610612751,101127,66.00629,8.33753,0.0,333,593.27,21.88,4
0041400101,1610612751,201947,12.92907,24.07994,0.0,333,593.27,21.88,4
0041400101,1610612751,203486,36.37073,15.1999,0.0,333,593.27,21.88,4
0041400101,-1,-1,8.20523,21.99521,6.93682,334,593.23,21.83,4
0041400101,1610612737,2594,51.38416,2.64836,0.0,334,593.23,21.83,4
0041400101,1610612737,203118,19.32907,24.76138,0.0,334,593.23,21.83,4
0041400101,1610612737,203145,59.62685,1.66081,0.0,334,593.23,21.83,4
0041400101,1610612737,203471,9.61561,21.39343,0.0,334,593.23,21.83,4
0041400101,1610612737,203544,73.57281,20.28059,0.0,334,593.23,21.83,4
0041400101,1610612751,2207,20.48399,22.51651,0.0,334,593.23,21.83,4
0041400101,1610612751,101187,58.86419,30.32745,0.0,334,593.23,21.83,4
0041400101,1610612751,101127,65.47732,8.47634,0.0,334,593.23,21.83,4
0041400101,1610612751,201947,12.27732,23.87633,0.0,334,593.23,21.83,4
0041400101,1610612751,203486,35.7355,15.35613,0.0,334,593.23,21.83,4
0041400101,-1,-1,7.58125,22.0812,7.45676,335,593.19,21.79,4
0041400101,1610612737,2594,51.25033,2.76837,0.0,335,593.19,21.79,4
0041400101,1610612737,203118,18.59701,24.74407,0.0,335,593.19,21.79,4
0041400101,1610612737,203145,59.66594,1.62746,0.0,335,593.19,21.79,4
0041400101,1610612737,203471,9.22115,21.51371,0.0,335,593.19,21.79,4
0041400101,1610612737,203544,73.37046,20.31124,0.0,335,593.19,21.79,4
0041400101,1610612751,2207,19.7746,22.69118,0.0,335,593.19,21.79,4
0041400101,1610612751,101187,58.44624,30.53776,0.0,335,593.19,21.79,4
0041400101,1610612751,101127,64.95196,8.61441,0.0,335,593.19,21.79,4
0041400101,1610612751,201947,11.63684,23.66367,0.0,335,593.19,21.79,4
0041400101,1610612751,203486,35.10533,15.49591,0.0,335,593.19,21.79,4
0041400101,-1,-1,6.96093,22.20848,7.91707,336,593.15,21.75,4
0041400101,1610612737,2594,51.11699,2.8884,0.0,336,593.15,21.75,4
0041400101,1610612737,203118,17.88204,24.74261,0.0,336,593.15,21.75,4
0041400101,1610612737,203145,59.70464,1.5904,0.0,336,593.15,21.75,4
0041400101,1610612737,203471,8.84756,21.62054,0.0,336,593.15,21.75,4
0041400101,1610612737,203544,73.16764,20.34025,0.0,336,593.15,21.75,4
0041400101,1610612751,2207,19.08075,22.88309,0.0,336,593.15,21.75,4
0041400101,1610612751,101187,58.03264,30.75639,0.0,336,593.15,21.75,4
0041400101,1610612751,101127,64.43333,8.75452,0.0,336,593.15,21.75,4
0041400101,1610612751,201947,11.01225,23.46157,0.0,336,593.15,21.75,4
0041400101,1610612751,203486,34.47688,15.63482,0.0,336,593.15,21.75,4
0041400101,-1,-1,6.55972,22.43741,8.45418,337,593.11,21.71,4
0041400101,1610612737,2594,50.99714,3.01986,0.0,337,593.11,21.71,4
0041400101,1610612737,203118,17.18591,24.74937,0.0,337,593.11,21.71,4
0041400101,1610612737,203145,59.74598,1.55273,0.0,337,593.11,21.71,4
0041400101,1610612737,203471,8.48438,21.71785,0.0,337,593.11,21.71,4
0041400101,1610612737,203544,72.96405,20.37564,0.0,337,593.11,21.71,4
0041400101,1610612751,2207,18.41005,23.03683,0.0,337,593.11,21.71,4
0041400101,1610612751,101187,57.61893,30.9628,0.0,337,593.11,21.71,4
0041400101,1610612751,101127,63.91685,8.8991,0.0,337,593.11,21.71,4
0041400101,1610612751,201947,10.40048,23.27024,0.0,337,593.11,21.71,4
0041400101,1610612751,203486,33.85298,15.78802,0.0,337,593.11,21.71,4
0041400101,-1,-1,6.29619,22.72813,8.96684,338,593.07,21.66,4
0041400101,1610612737,2594,50.88458,3.15491,0.0,338,593.07,21.66,4
0041400101,1610612737,203118,16.48444,24.7514,0.0,338,593.07,21.66,4
0041400101,1610612737,203145,59.78557,1.51409,0.0,338,593.07,21.66,4
0041400101,1610612737,203471,8.10073,21.78753,0.0,338,593.07,21.66,4
0041400101,1610612737,203544,72.75851,20.42329,0.0,338,593.07,21.66,4
0041400101,1610612751,2207,17.75223,23.16526,0.0,338,593.07,21.66,4
0041400101,1610612751,101187,57.21381,31.1837,0.0,338,593.07,21.66,4
0041400101,1610612751,101127,63.39695,9.03695,0.0,338,593.07,21.66,4
0041400101,1610612751,201947,9.81335,23.09442,0.0,338,593.07,21.66,4
0041400101,1610612751,203486,33.2335,15.94122,0.0,338,593.07,21.66,4
0041400101,-1,-1,5.91679,22.85402,9.33542,339,593.03,21.62,4
0041400101,1610612737,2594,50.78012,3.28359,0.0,339,593.03,21.62,4
0041400101,1610612737,203118,15.77971,24.78997,0.0,339,593.03,21.62,4
0041400101,1610612737,203145,59.82729,1.48142,0.0,339,593.03,21.62,4
0041400101,1610612737,203471,7.67073,21.8699,0.0,339,593.03,21.62,4
0041400101,1610612737,203544,72.55822,20.46747,0.0,339,593.03,21.62,4
0041400101,1610612751,2207,17.09181,23.26308,0.0,339,593.03,21.62,4
0041400101,1610612751,101187,56.81303,31.40321,0.0,339,593.03,21.62,4
0041400101,1610612751,101127,62.88459,9.16967,0.0,339,593.03,21.62,4
0041400101,1610612751,201947,9.25279,22.94602,0.0,339,593.03,21.62,4
0041400101,1610612751,203486,32.61954,16.10104,0.0,339,593.03,21.62,4
0041400101,-1,-1,5.47003,23.06368,9.7263,340,592.99,21.58,4
0041400101,1610612737,2594,50.67667,3.43139,0.0,340,592.99,21.58,4
0041400101,1610612737,203118,15.10436,24.83363,0.0,340,592.99,21.58,4
0041400101,1610612737,203145,59.87291,1.44972,0.0,340,592.99,21.58,4
0041400101,1610612737,203471,7.20762,21.9903,0.0,340,592.99,21.58,4
0041400101,1610612737,203544,72.3636,20.50092,0.0,340,592.99,21.58,4
0041400101,1610612751,2207,16.44106,23.33387,0.0,340,592.99,21.58,4
0041400101,1610612751,101187,56.42197,31.61011,0.0,340,592.99,21.58,4
0041400101,1610612751,101127,62.36861,9.3013,0.0,340,592.99,21.58,4
0041400101,1610612751,201947,8.70983,22.81036,0.0,340,592.99,21.58,4
0041400101,1610612751,203486,32.00157,16.27603,0.0,340,592.99,21.58,4
0041400101,-1,-1,5.34256,23.01364,9.96739,341,592.95,21.53,4
0041400101,1610612737,2594,50.57333,3.56293,0.0,341,592.95,21.53,4
0041400101,1610612737,203118,14.46755,24.90973,0.0,341,592.95,21.53,4
0041400101,1610612737,203145,59.92533,1.4278,0.0,341,592.95,21.53,4
0041400101,1610612737,203471,6.74902,22.10018,0.0,341,592.95,21.53,4
0041400101,1610612737,203544,72.1736,20.53111,0.0,341,592.95,21.53,4
0041400101,1610612751,2207,15.79949,23.41021,0.0,341,592.95,21.53,4
0041400101,1610612751,101187,56.03402,31.82307,0.0,341,592.95,21.53,4
0041400101,1610612751,101127,61.84667,9.43074,0.0,341,592.95,21.53,4
0041400101,1610612751,201947,8.18219,22.68345,0.0,341,592.95,21.53,4
0041400101,1610612751,203486,31.39169,16.45396,0.0,341,592.95,21.53,4
0041400101,-1,-1,5.16032,23.26295,10.35401,342,592.91,21.49,4
0041400101,1610612737,2594,50.48097,3.70386,0.0,342,592.91,21.49,4
0041400101,1610612737,203118,13.86737,25.02621,0.0,342,592.91,21.49,4
0041400101,1610612737,203145,59.96867,1.40842,0.0,342,592.91,21.49,4
0041400101,1610612737,203471,6.29156,22.22541,0.0,342,592.91,21.49,4
0041400101,1610612737,203544,71.97617,20.56764,0.0,342,592.91,21.49,4
0041400101,1610612751,2207,15.15411,23.47785,0.0,342,592.91,21.49,4
0041400101,1610612751,101187,55.65242,32.03702,0.0,342,592.91,21.49,4
0041400101,1610612751,101127,61.33244,9.55085,0.0,342,592.91,21.49,4
0041400101,1610612751,201947,7.68405,22.56358,0.0,342,592.91,21.49,4
0041400101,1610612751,203486,30.77567,16.61114,0.0,342,592.91,21.49,4
0041400101,-1,-1,5.0123,23.57016,10.35199,343,592.87,21.45,4
0041400101,1610612737,2594,50.38125,3.85904,0.0,343,592.87,21.45,4
0041400101,1610612737,203118,13.23724,25.1442,0.0,343,592.87,21.45,4
0041400101,1610612737,203145,60.01698,1.39519,0.0,343,592.87,21.45,4
0041400101,1610612737,203471,5.80246,22.35967,0.0,343,592.87,21.45,4
0041400101,1610612737,203544,71.77424,20.59778,0.0,343,592.87,21.45,4
0041400101,1610612751,2207,14.47586,23.56584,0.0,343,592.87,21.45,4
0041400101,1610612751,101187,55.24924,32.26985,0.0,343,592.87,21.45,4
0041400101,1610612751,101127,60.78065,9.67446,0.0,343,592.87,21.45,4
0041400101,1610612751,201947,7.15048,22.44225,0.0,343,592.87,21.45,4
0041400101,1610612751,203486,30.11789,16.78357,0.0,343,592.87,21.45,4
0041400101,-1,-1,4.91464,23.55018,10.76848,344,592.83,21.4,4
0041400101,1610612737,2594,50.29332,4.00177,0.0,344,592.83,21.4,4
0041400101,1610612737,203118,12.61899,25.22578,0.0,344,592.83,21.4,4
0041400101,1610612737,203145,60.0656,1.39356,0.0,344,592.83,21.4,4
0041400101,1610612737,203471,5.33833,22.46108,0.0,344,592.83,21.4,4
0041400101,1610612737,203544,71.577,20.63622,0.0,344,592.83,21.4,4
0041400101,1610612751,2207,13.84513,23.66368,0.0,344,592.83,21.4,4
0041400101,1610612751,101187,54.87114,32.48822,0.0,344,592.83,21.4,4
0041400101,1610612751,101127,60.2649,9.79626,0.0,344,592.83,21.4,4
0041400101,1610612751,201947,6.65657,22.31495,0.0,344,592.83,21.4,4
0041400101,1610612751,203486,29.50055,16.93585,0.0,344,592.83,21.4,4
0041400101,-1,-1,4.84557,23.53922,10.88495,345,592.78,21.36,4
0041400101,1610612737,2594,50.20792,4.14489,0.0,345,592.78,21.36,4
0041400101,1610612737,203118,12.01316,25.32174,0.0,345,592.78,21.36,4
0041400101,1610612737,203145,60.11455,1.40095,0.0,345,592.78,21.36,4
0041400101,1610612737,203471,4.86241,22.55347,0.0,345,592.78,21.36,4
0041400101,1610612737,203544,71.39129,20.66075,0.0,345,592.78,21.36,4
0041400101,1610612751,2207,13.25025,23.76069,0.0,345,592.78,21.36,4
0041400101,1610612751,101187,54.48997,32.70095,0.0,345,592.78,21.36,4
0041400101,1610612751,101127,59.75272,9.90896,0.0,345,592.78,21.36,4
0041400101,1610612751,201947,6.15284,22.20069,0.0,345,592.78,21.36,4
0041400101,1610612751,203486,28.88753,17.08185,0.0,345,592.78,21.36,4
0041400101,-1,-1,4.79511,23.69771,11.05247,346,592.74,21.32,4
0041400101,1610612737,2594,50.12415,4.28467,0.0,346,592.74,21.32,4
0041400101,1610612737,203118,11.42949,25.42395,0.0,346,592.74,21.32,4
0041400101,1610612737,203145,60.16976,1.41565,0.0,346,592.74,21.32,4
0041400101,1610612737,203471,4.37731,22.64354,0.0,346,592.74,21.32,4
0041400101,1610612737,203544,71.20182,20.67796,0.0,346,592.74,21.32,4
0041400101,1610612751,2207,12.69651,23.86908,0.0,346,592.74,21.32,4
0041400101,1610612751,101187,54.11496,32.92351,0.0,346,592.74,21.32,4
0041400101,1610612751,101127,59.23858,10.02291,0.0,346,592.74,21.32,4
0041400101,1610612751,201947,5.65257,22.12727,0.0,346,592.74,21.32,4
0041400101,1610612751,203486,28.27245,17.23097,0.0,346,592.74,21.32,4
0041400101,-1,-1,4.76609,23.90287,11.17748,347,592.7,21.27,4
0041400101,1610612737,2594,50.04756,4.44088,0.0,347,592.7,21.27,4
0041400101,1610612737,203118,10.85431,25.52976,0.0,347,592.7,21.27,4
0041400101,1610612737,203145,60.23275,1.44168,0.0,347,592.7,21.27,4
0041400101,1610612737,203471,3.90534,22.75561,0.0,347,592.7,21.27,4
0041400101,1610612737,203544,71.01187,20.68638,0.0,347,592.7,21.27,4
0041400101,1610612751,2207,12.1704,23.99499,0.0,347,592.7,21.27,4
0041400101,1610612751,101187,53.7438,33.1493,0.0,347,592.7,21.27,4
0041400101,1610612751,101127,58.72303,10.12596,0.0,347,592.7,21.27,4
0041400101,1610612751,201947,5.16775,22.03841,0.0,347,592.7,21.27,4
0041400101,1610612751,203486,27.66936,17.41872,0.0,347,592.7,21.27,4
0041400101,-1,-1,4.732,23.8976,11.16665,348,592.66,21.23,4
0041400101,1610612737,2594,49.97511,4.60051,0.0,348,592.66,21.23,4
0041400101,1610612737,203118,10.29378,25.64632,0.0,348,592.66,21.23,4
0041400101,1610612737,203145,60.29513,1.47336,0.0,348,592.66,21.23,4
0041400101,1610612737,203471,3.40193,22.87757,0.0,348,592.66,21.23,4
0041400101,1610612737,203544,70.82631,20.69264,0.0,348,592.66,21.23,4
0041400101,1610612751,2207,11.64572,24.08586,0.0,348,592.66,21.23,4
0041400101,1610612751,101187,53.37666,33.38507,0.0,348,592.66,21.23,4
0041400101,1610612751,101127,58.21331,10.22767,0.0,348,592.66,21.23,4
0041400101,1610612751,201947,4.71696,21.94437,0.0,348,592.66,21.23,4
0041400101,1610612751,203486,27.06674,17.6044,0.0,348,592.66,21.23,4
0041400101,-1,-1,4.74773,24.13496,11.22312,349,592.62,21.19,4
0041400101,1610612737,2594,49.89549,4.75293,0.0,349,592.62,21.19,4
0041400101,1610612737,203118,9.75496,25.77114,0.0,349,592.62,21.19,4
0041400101,1610612737,203145,60.36417,1.51449,0.0,349,592.62,21.19,4
0041400101,1610612737,203471,2.84332,23.00357,0.0,349,592.62,21.19,4
0041400101,1610612737,203544,70.64105,20.6822,0.0,349,592.62,21.19,4
0041400101,1610612751,2207,11.13605,24.1725,0.0,349,592.62,21.19,4
0041400101,1610612751,101187,53.01129,33.63783,0.0,349,592.62,21.19,4
0041400101,1610612751,101127,57.70514,10.32789,0.0,349,592.62,21.19,4
0041400101,1610612751,201947,4.28095,21.86272,0.0,349,592.62,21.19,4
0041400101,1610612751,203486,26.46496,17.79234,0.0,349,592.62,21.19,4
